# GA run_dir=experiments/ga_shelter/20260311-103058_e3b8941a
#S1 0.380, 0.40, ngen=200 pop_n=70 tournsize=3
gen=0 nevals=70 stats={'avg': np.float64(289.4142857142857), 'std': np.float64(13.982124156163374), 'min': np.float64(249.0), 'max': np.float64(301.0)} top3=[([22, 60, 38, 31, 64, 46], (249.0,)), ([63, 21, 10, 59, 58, 68], (251.0,)), ([59, 26, 64, 39, 37, 33], (252.0,))] overall_top3=[([22, 60, 38, 31, 64, 46], (249.0,), 0), ([63, 21, 10, 59, 58, 68], (251.0,), 0), ([59, 26, 64, 39, 37, 33], (252.0,), 0)]
gen=1 nevals=46 stats={'avg': np.float64(280.84285714285716), 'std': np.float64(14.72183578836525), 'min': np.float64(251.0), 'max': np.float64(300.0)} top3=[([63, 21, 10, 59, 58, 68], (251.0,)), ([63, 21, 10, 59, 58, 68], (251.0,)), ([59, 26, 64, 39, 37, 33], (252.0,))] overall_top3=[([22, 60, 38, 31, 64, 46], (249.0,), 0), ([63, 21, 10, 59, 58, 68], (251.0,), 0), ([59, 26, 64, 39, 37, 33], (252.0,), 0)]
gen=2 nevals=43 stats={'avg': np.float64(273.51428571428573), 'std': np.float64(16.31103295068609), 'min': np.float64(251.0), 'max': np.float64(301.0)} top3=[([63, 21, 10, 59, 58, 68], (251.0,)), ([63, 21, 10, 59, 58, 68], (251.0,)), ([63, 21, 10, 59, 58, 68], (251.0,))] overall_top3=[([22, 60, 38, 31, 64, 46], (249.0,), 0), ([63, 21, 10, 59, 58, 68], (251.0,), 0), ([59, 26, 64, 39, 37, 33], (252.0,), 0)]
gen=3 nevals=43 stats={'avg': np.float64(264.5571428571429), 'std': np.float64(16.368642246062798), 'min': np.float64(247.0), 'max': np.float64(300.0)} top3=[([38, 44, 63, 29, 33, 46], (247.0,)), ([63, 22, 10, 59, 58, 68], (251.0,)), ([63, 21, 10, 59, 58, 68], (251.0,))] overall_top3=[([38, 44, 63, 29, 33, 46], (247.0,), 3), ([22, 60, 38, 31, 64, 46], (249.0,), 0), ([63, 21, 10, 59, 58, 68], (251.0,), 0)]
gen=4 nevals=37 stats={'avg': np.float64(256.25714285714287), 'std': np.float64(12.22139308669809), 'min': np.float64(247.0), 'max': np.float64(300.0)} top3=[([38, 44, 63, 29, 33, 46], (247.0,)), ([63, 21, 10, 59, 58, 68], (251.0,)), ([63, 21, 10, 59, 58, 68], (251.0,))] overall_top3=[([38, 44, 63, 29, 33, 46], (247.0,), 3), ([22, 60, 38, 31, 64, 46], (249.0,), 0), ([63, 21, 10, 59, 58, 68], (251.0,), 0)]
gen=5 nevals=50 stats={'avg': np.float64(255.2), 'std': np.float64(12.711749345726236), 'min': np.float64(247.0), 'max': np.float64(301.0)} top3=[([38, 44, 63, 29, 33, 46], (247.0,)), ([63, 21, 10, 59, 58, 68], (251.0,)), ([63, 21, 10, 59, 58, 68], (251.0,))] overall_top3=[([38, 44, 63, 29, 33, 46], (247.0,), 3), ([22, 60, 38, 31, 64, 46], (249.0,), 0), ([63, 21, 10, 59, 58, 68], (251.0,), 0)]
gen=6 nevals=40 stats={'avg': np.float64(254.88571428571427), 'std': np.float64(12.123817005197257), 'min': np.float64(251.0), 'max': np.float64(300.0)} top3=[([63, 21, 10, 59, 58, 68], (251.0,)), ([63, 21, 33, 59, 58, 68], (251.0,)), ([63, 21, 10, 59, 58, 68], (251.0,))] overall_top3=[([38, 44, 63, 29, 33, 46], (247.0,), 3), ([22, 60, 38, 31, 64, 46], (249.0,), 0), ([63, 21, 10, 59, 58, 68], (251.0,), 0)]
gen=7 nevals=39 stats={'avg': np.float64(253.28571428571428), 'std': np.float64(8.95886290160732), 'min': np.float64(251.0), 'max': np.float64(300.0)} top3=[([63, 21, 10, 59, 58, 68], (251.0,)), ([63, 21, 10, 59, 58, 68], (251.0,)), ([63, 21, 10, 59, 58, 68], (251.0,))] overall_top3=[([38, 44, 63, 29, 33, 46], (247.0,), 3), ([22, 60, 38, 31, 64, 46], (249.0,), 0), ([63, 21, 10, 59, 58, 68], (251.0,), 0)]
gen=8 nevals=39 stats={'avg': np.float64(254.07142857142858), 'std': np.float64(11.437184254591223), 'min': np.float64(251.0), 'max': np.float64(300.0)} top3=[([63, 21, 10, 59, 58, 68], (251.0,)), ([63, 21, 10, 59, 58, 68], (251.0,)), ([63, 21, 10, 59, 58, 68], (251.0,))] overall_top3=[([38, 44, 63, 29, 33, 46], (247.0,), 3), ([22, 60, 38, 31, 64, 46], (249.0,), 0), ([63, 21, 10, 59, 58, 68], (251.0,), 0)]
gen=9 nevals=44 stats={'avg': np.float64(255.85714285714286), 'std': np.float64(13.49633359131891), 'min': np.float64(251.0), 'max': np.float64(300.0)} top3=[([63, 21, 10, 59, 58, 68], (251.0,)), ([63, 21, 10, 59, 58, 68], (251.0,)), ([63, 21, 10, 59, 58, 68], (251.0,))] overall_top3=[([38, 44, 63, 29, 33, 46], (247.0,), 3), ([22, 60, 38, 31, 64, 46], (249.0,), 0), ([63, 21, 10, 59, 58, 68], (251.0,), 0)]
gen=10 nevals=43 stats={'avg': np.float64(254.57142857142858), 'std': np.float64(11.198943098820184), 'min': np.float64(251.0), 'max': np.float64(300.0)} top3=[([63, 38, 33, 59, 58, 68], (251.0,)), ([63, 21, 10, 59, 58, 68], (251.0,)), ([63, 21, 10, 59, 58, 68], (251.0,))] overall_top3=[([38, 44, 63, 29, 33, 46], (247.0,), 3), ([22, 60, 38, 31, 64, 46], (249.0,), 0), ([63, 21, 10, 59, 58, 68], (251.0,), 0)]
gen=11 nevals=35 stats={'avg': np.float64(252.55714285714285), 'std': np.float64(8.240380910553858), 'min': np.float64(251.0), 'max': np.float64(300.0)} top3=[([63, 21, 33, 59, 58, 68], (251.0,)), ([63, 21, 10, 59, 58, 68], (251.0,)), ([63, 21, 10, 59, 58, 68], (251.0,))] overall_top3=[([38, 44, 63, 29, 33, 46], (247.0,), 3), ([22, 60, 38, 31, 64, 46], (249.0,), 0), ([63, 21, 10, 59, 58, 68], (251.0,), 0)]
gen=12 nevals=37 stats={'avg': np.float64(255.5142857142857), 'std': np.float64(13.635817181382333), 'min': np.float64(251.0), 'max': np.float64(300.0)} top3=[([63, 21, 33, 59, 58, 68], (251.0,)), ([63, 21, 10, 59, 58, 68], (251.0,)), ([63, 21, 10, 59, 58, 68], (251.0,))] overall_top3=[([38, 44, 63, 29, 33, 46], (247.0,), 3), ([22, 60, 38, 31, 64, 46], (249.0,), 0), ([63, 21, 10, 59, 58, 68], (251.0,), 0)]
gen=13 nevals=46 stats={'avg': np.float64(253.71428571428572), 'std': np.float64(10.058603789993997), 'min': np.float64(251.0), 'max': np.float64(300.0)} top3=[([63, 21, 10, 59, 58, 68], (251.0,)), ([63, 21, 10, 59, 58, 68], (251.0,)), ([63, 21, 10, 59, 58, 68], (251.0,))] overall_top3=[([38, 44, 63, 29, 33, 46], (247.0,), 3), ([22, 60, 38, 31, 64, 46], (249.0,), 0), ([63, 21, 10, 59, 58, 68], (251.0,), 0)]
gen=14 nevals=45 stats={'avg': np.float64(255.18571428571428), 'std': np.float64(12.483466616910155), 'min': np.float64(251.0), 'max': np.float64(300.0)} top3=[([63, 21, 10, 59, 58, 68], (251.0,)), ([63, 21, 33, 59, 58, 68], (251.0,)), ([63, 21, 10, 59, 58, 68], (251.0,))] overall_top3=[([38, 44, 63, 29, 33, 46], (247.0,), 3), ([22, 60, 38, 31, 64, 46], (249.0,), 0), ([63, 21, 10, 59, 58, 68], (251.0,), 0)]
gen=15 nevals=41 stats={'avg': np.float64(252.42857142857142), 'std': np.float64(6.958184140320824), 'min': np.float64(251.0), 'max': np.float64(300.0)} top3=[([63, 21, 10, 59, 58, 68], (251.0,)), ([63, 21, 10, 59, 58, 68], (251.0,)), ([63, 21, 10, 59, 58, 68], (251.0,))] overall_top3=[([38, 44, 63, 29, 33, 46], (247.0,), 3), ([22, 60, 38, 31, 64, 46], (249.0,), 0), ([63, 21, 10, 59, 58, 68], (251.0,), 0)]
gen=16 nevals=43 stats={'avg': np.float64(255.05714285714285), 'std': np.float64(12.076997869960085), 'min': np.float64(251.0), 'max': np.float64(300.0)} top3=[([63, 21, 10, 59, 58, 68], (251.0,)), ([63, 21, 10, 59, 58, 68], (251.0,)), ([63, 21, 10, 59, 58, 68], (251.0,))] overall_top3=[([38, 44, 63, 29, 33, 46], (247.0,), 3), ([22, 60, 38, 31, 64, 46], (249.0,), 0), ([63, 21, 10, 59, 58, 68], (251.0,), 0)]
gen=17 nevals=49 stats={'avg': np.float64(253.05714285714285), 'std': np.float64(8.172926935552377), 'min': np.float64(251.0), 'max': np.float64(300.0)} top3=[([63, 21, 10, 59, 58, 68], (251.0,)), ([63, 21, 33, 59, 58, 68], (251.0,)), ([63, 21, 10, 59, 58, 68], (251.0,))] overall_top3=[([38, 44, 63, 29, 33, 46], (247.0,), 3), ([22, 60, 38, 31, 64, 46], (249.0,), 0), ([63, 21, 10, 59, 58, 68], (251.0,), 0)]
gen=18 nevals=47 stats={'avg': np.float64(254.4), 'std': np.float64(11.6525901473817), 'min': np.float64(251.0), 'max': np.float64(300.0)} top3=[([63, 21, 10, 59, 58, 68], (251.0,)), ([63, 21, 10, 59, 58, 68], (251.0,)), ([63, 21, 10, 59, 58, 68], (251.0,))] overall_top3=[([38, 44, 63, 29, 33, 46], (247.0,), 3), ([22, 60, 38, 31, 64, 46], (249.0,), 0), ([63, 21, 10, 59, 58, 68], (251.0,), 0)]
gen=19 nevals=36 stats={'avg': np.float64(253.18571428571428), 'std': np.float64(9.044797805752143), 'min': np.float64(251.0), 'max': np.float64(300.0)} top3=[([63, 21, 10, 59, 58, 68], (251.0,)), ([63, 21, 10, 59, 58, 68], (251.0,)), ([63, 21, 10, 59, 58, 68], (251.0,))] overall_top3=[([38, 44, 63, 29, 33, 46], (247.0,), 3), ([22, 60, 38, 31, 64, 46], (249.0,), 0), ([63, 21, 10, 59, 58, 68], (251.0,), 0)]
gen=20 nevals=49 stats={'avg': np.float64(254.02857142857144), 'std': np.float64(11.134209098310398), 'min': np.float64(251.0), 'max': np.float64(300.0)} top3=[([63, 21, 10, 59, 58, 68], (251.0,)), ([63, 21, 10, 59, 58, 68], (251.0,)), ([63, 21, 10, 59, 58, 68], (251.0,))] overall_top3=[([38, 44, 63, 29, 33, 46], (247.0,), 3), ([22, 60, 38, 31, 64, 46], (249.0,), 0), ([63, 21, 10, 59, 58, 68], (251.0,), 0)]
gen=21 nevals=42 stats={'avg': np.float64(254.61428571428573), 'std': np.float64(11.167929667634214), 'min': np.float64(251.0), 'max': np.float64(300.0)} top3=[([63, 21, 10, 59, 58, 68], (251.0,)), ([63, 21, 10, 59, 58, 68], (251.0,)), ([63, 21, 10, 64, 58, 68], (251.0,))] overall_top3=[([38, 44, 63, 29, 33, 46], (247.0,), 3), ([22, 60, 38, 31, 64, 46], (249.0,), 0), ([63, 21, 10, 59, 58, 68], (251.0,), 0)]
gen=22 nevals=52 stats={'avg': np.float64(255.05714285714285), 'std': np.float64(11.935404373167273), 'min': np.float64(251.0), 'max': np.float64(300.0)} top3=[([63, 21, 10, 59, 58, 68], (251.0,)), ([63, 21, 10, 59, 58, 68], (251.0,)), ([63, 21, 10, 59, 58, 68], (251.0,))] overall_top3=[([38, 44, 63, 29, 33, 46], (247.0,), 3), ([22, 60, 38, 31, 64, 46], (249.0,), 0), ([63, 21, 10, 59, 58, 68], (251.0,), 0)]
gen=23 nevals=47 stats={'avg': np.float64(252.0857142857143), 'std': np.float64(5.533644774449831), 'min': np.float64(251.0), 'max': np.float64(294.0)} top3=[([63, 21, 10, 59, 58, 68], (251.0,)), ([63, 21, 10, 57, 58, 68], (251.0,)), ([63, 31, 33, 59, 58, 68], (251.0,))] overall_top3=[([38, 44, 63, 29, 33, 46], (247.0,), 3), ([22, 60, 38, 31, 64, 46], (249.0,), 0), ([63, 21, 10, 59, 58, 68], (251.0,), 0)]
gen=24 nevals=58 stats={'avg': np.float64(255.78571428571428), 'std': np.float64(12.723311403138117), 'min': np.float64(251.0), 'max': np.float64(301.0)} top3=[([63, 21, 10, 64, 58, 68], (251.0,)), ([63, 21, 10, 59, 58, 68], (251.0,)), ([63, 21, 10, 59, 58, 68], (251.0,))] overall_top3=[([38, 44, 63, 29, 33, 46], (247.0,), 3), ([22, 60, 38, 31, 64, 46], (249.0,), 0), ([63, 21, 10, 59, 58, 68], (251.0,), 0)]
gen=25 nevals=37 stats={'avg': np.float64(254.14285714285714), 'std': np.float64(10.694839495604162), 'min': np.float64(248.0), 'max': np.float64(300.0)} top3=[([63, 21, 33, 59, 58, 39], (248.0,)), ([63, 21, 10, 64, 58, 68], (251.0,)), ([63, 21, 10, 59, 58, 68], (251.0,))] overall_top3=[([38, 44, 63, 29, 33, 46], (247.0,), 3), ([63, 21, 33, 59, 58, 39], (248.0,), 25), ([22, 60, 38, 31, 64, 46], (249.0,), 0)]
gen=26 nevals=40 stats={'avg': np.float64(255.97142857142856), 'std': np.float64(13.714404761388067), 'min': np.float64(248.0), 'max': np.float64(301.0)} top3=[([63, 21, 33, 59, 58, 39], (248.0,)), ([63, 21, 10, 59, 58, 68], (251.0,)), ([63, 21, 10, 59, 58, 68], (251.0,))] overall_top3=[([38, 44, 63, 29, 33, 46], (247.0,), 3), ([63, 21, 33, 59, 58, 39], (248.0,), 25), ([22, 60, 38, 31, 64, 46], (249.0,), 0)]
gen=27 nevals=47 stats={'avg': np.float64(256.9142857142857), 'std': np.float64(15.769539224306422), 'min': np.float64(248.0), 'max': np.float64(300.0)} top3=[([63, 21, 33, 59, 58, 39], (248.0,)), ([63, 21, 33, 59, 58, 39], (248.0,)), ([63, 21, 10, 59, 58, 68], (251.0,))] overall_top3=[([38, 44, 63, 29, 33, 46], (247.0,), 3), ([63, 21, 33, 59, 58, 39], (248.0,), 25), ([22, 60, 38, 31, 64, 46], (249.0,), 0)]
gen=28 nevals=50 stats={'avg': np.float64(252.78571428571428), 'std': np.float64(8.47330742836056), 'min': np.float64(248.0), 'max': np.float64(300.0)} top3=[([63, 21, 33, 59, 58, 39], (248.0,)), ([63, 21, 33, 59, 58, 39], (248.0,)), ([63, 21, 33, 59, 58, 39], (248.0,))] overall_top3=[([38, 44, 63, 29, 33, 46], (247.0,), 3), ([63, 21, 33, 59, 58, 39], (248.0,), 25), ([22, 60, 38, 31, 64, 46], (249.0,), 0)]
gen=29 nevals=39 stats={'avg': np.float64(253.44285714285715), 'std': np.float64(9.64607353765653), 'min': np.float64(248.0), 'max': np.float64(300.0)} top3=[([63, 21, 33, 59, 58, 39], (248.0,)), ([63, 21, 33, 59, 58, 39], (248.0,)), ([63, 21, 33, 59, 58, 39], (248.0,))] overall_top3=[([38, 44, 63, 29, 33, 46], (247.0,), 3), ([63, 21, 33, 59, 58, 39], (248.0,), 25), ([22, 60, 38, 31, 64, 46], (249.0,), 0)]
gen=30 nevals=48 stats={'avg': np.float64(254.67142857142858), 'std': np.float64(11.257659524038896), 'min': np.float64(248.0), 'max': np.float64(300.0)} top3=[([63, 21, 33, 59, 58, 39], (248.0,)), ([63, 21, 33, 59, 58, 39], (248.0,)), ([63, 21, 33, 59, 58, 39], (248.0,))] overall_top3=[([38, 44, 63, 29, 33, 46], (247.0,), 3), ([63, 21, 33, 59, 58, 39], (248.0,), 25), ([22, 60, 38, 31, 64, 46], (249.0,), 0)]
gen=31 nevals=47 stats={'avg': np.float64(254.84285714285716), 'std': np.float64(13.44898903718971), 'min': np.float64(242.0), 'max': np.float64(300.0)} top3=[([44, 21, 33, 59, 58, 39], (242.0,)), ([63, 21, 33, 59, 58, 39], (248.0,)), ([63, 21, 33, 59, 58, 39], (248.0,))] overall_top3=[([44, 21, 33, 59, 58, 39], (242.0,), 31), ([38, 44, 63, 29, 33, 46], (247.0,), 3), ([63, 21, 33, 59, 58, 39], (248.0,), 25)]
gen=32 nevals=45 stats={'avg': np.float64(251.64285714285714), 'std': np.float64(11.523932506230818), 'min': np.float64(240.0), 'max': np.float64(300.0)} top3=[([38, 21, 50, 59, 58, 39], (240.0,)), ([44, 21, 33, 59, 58, 39], (242.0,)), ([44, 21, 33, 59, 58, 39], (242.0,))] overall_top3=[([38, 21, 50, 59, 58, 39], (240.0,), 32), ([44, 21, 33, 59, 58, 39], (242.0,), 31), ([38, 44, 63, 29, 33, 46], (247.0,), 3)]
gen=33 nevals=47 stats={'avg': np.float64(250.0), 'std': np.float64(7.9642056370093455), 'min': np.float64(240.0), 'max': np.float64(291.0)} top3=[([38, 21, 50, 59, 58, 39], (240.0,)), ([44, 21, 33, 59, 58, 39], (242.0,)), ([44, 21, 33, 59, 58, 39], (242.0,))] overall_top3=[([38, 21, 50, 59, 58, 39], (240.0,), 32), ([44, 21, 33, 59, 58, 39], (242.0,), 31), ([38, 44, 63, 29, 33, 46], (247.0,), 3)]
gen=34 nevals=41 stats={'avg': np.float64(249.0142857142857), 'std': np.float64(8.975351735475899), 'min': np.float64(240.0), 'max': np.float64(300.0)} top3=[([38, 21, 50, 59, 58, 39], (240.0,)), ([44, 21, 33, 59, 58, 39], (242.0,)), ([44, 21, 33, 59, 58, 39], (242.0,))] overall_top3=[([38, 21, 50, 59, 58, 39], (240.0,), 32), ([44, 21, 33, 59, 58, 39], (242.0,), 31), ([38, 44, 63, 29, 33, 46], (247.0,), 3)]
gen=35 nevals=41 stats={'avg': np.float64(249.32857142857142), 'std': np.float64(11.597686257638296), 'min': np.float64(240.0), 'max': np.float64(300.0)} top3=[([38, 21, 50, 59, 58, 39], (240.0,)), ([44, 21, 33, 59, 58, 39], (242.0,)), ([44, 21, 33, 59, 58, 39], (242.0,))] overall_top3=[([38, 21, 50, 59, 58, 39], (240.0,), 32), ([44, 21, 33, 59, 58, 39], (242.0,), 31), ([38, 44, 63, 29, 33, 46], (247.0,), 3)]
gen=36 nevals=39 stats={'avg': np.float64(246.4857142857143), 'std': np.float64(9.34840377076346), 'min': np.float64(240.0), 'max': np.float64(293.0)} top3=[([38, 21, 50, 59, 58, 39], (240.0,)), ([38, 21, 50, 59, 58, 39], (240.0,)), ([44, 21, 33, 59, 58, 39], (242.0,))] overall_top3=[([38, 21, 50, 59, 58, 39], (240.0,), 32), ([44, 21, 33, 59, 58, 39], (242.0,), 31), ([38, 44, 63, 29, 33, 46], (247.0,), 3)]
gen=37 nevals=54 stats={'avg': np.float64(246.5), 'std': np.float64(11.666496597399876), 'min': np.float64(240.0), 'max': np.float64(297.0)} top3=[([38, 21, 50, 59, 58, 39], (240.0,)), ([38, 21, 50, 59, 58, 39], (240.0,)), ([38, 21, 50, 59, 58, 39], (240.0,))] overall_top3=[([38, 21, 50, 59, 58, 39], (240.0,), 32), ([44, 21, 33, 59, 58, 39], (242.0,), 31), ([38, 44, 63, 29, 33, 46], (247.0,), 3)]
gen=38 nevals=48 stats={'avg': np.float64(247.54285714285714), 'std': np.float64(15.20308776370841), 'min': np.float64(240.0), 'max': np.float64(300.0)} top3=[([38, 25, 50, 59, 58, 39], (240.0,)), ([38, 21, 50, 59, 58, 39], (240.0,)), ([38, 21, 50, 59, 58, 39], (240.0,))] overall_top3=[([38, 21, 50, 59, 58, 39], (240.0,), 32), ([38, 25, 50, 59, 58, 39], (240.0,), 38), ([44, 21, 33, 59, 58, 39], (242.0,), 31)]
gen=39 nevals=38 stats={'avg': np.float64(243.6), 'std': np.float64(7.321982557438154), 'min': np.float64(240.0), 'max': np.float64(277.0)} top3=[([38, 21, 50, 59, 58, 39], (240.0,)), ([38, 21, 50, 59, 58, 39], (240.0,)), ([38, 21, 50, 59, 58, 39], (240.0,))] overall_top3=[([38, 21, 50, 59, 58, 39], (240.0,), 32), ([38, 25, 50, 59, 58, 39], (240.0,), 38), ([44, 21, 33, 59, 58, 39], (242.0,), 31)]
gen=40 nevals=44 stats={'avg': np.float64(245.5), 'std': np.float64(12.05197079319395), 'min': np.float64(240.0), 'max': np.float64(300.0)} top3=[([38, 25, 50, 59, 58, 39], (240.0,)), ([38, 21, 50, 59, 58, 39], (240.0,)), ([38, 21, 50, 59, 58, 39], (240.0,))] overall_top3=[([38, 21, 50, 59, 58, 39], (240.0,), 32), ([38, 25, 50, 59, 58, 39], (240.0,), 38), ([44, 21, 33, 59, 58, 39], (242.0,), 31)]
gen=41 nevals=34 stats={'avg': np.float64(242.47142857142856), 'std': np.float64(8.095362744138377), 'min': np.float64(240.0), 'max': np.float64(279.0)} top3=[([38, 21, 50, 59, 58, 39], (240.0,)), ([38, 21, 50, 59, 58, 39], (240.0,)), ([38, 21, 50, 59, 58, 39], (240.0,))] overall_top3=[([38, 21, 50, 59, 58, 39], (240.0,), 32), ([38, 25, 50, 59, 58, 39], (240.0,), 38), ([44, 21, 33, 59, 58, 39], (242.0,), 31)]
gen=42 nevals=44 stats={'avg': np.float64(245.4142857142857), 'std': np.float64(15.131323100625082), 'min': np.float64(240.0), 'max': np.float64(300.0)} top3=[([38, 21, 50, 59, 58, 39], (240.0,)), ([38, 21, 50, 59, 58, 39], (240.0,)), ([38, 21, 50, 59, 58, 39], (240.0,))] overall_top3=[([38, 21, 50, 59, 58, 39], (240.0,), 32), ([38, 25, 50, 59, 58, 39], (240.0,), 38), ([44, 21, 33, 59, 58, 39], (242.0,), 31)]
gen=43 nevals=47 stats={'avg': np.float64(243.0), 'std': np.float64(11.227517216960429), 'min': np.float64(240.0), 'max': np.float64(300.0)} top3=[([38, 21, 50, 59, 58, 39], (240.0,)), ([38, 21, 50, 59, 58, 39], (240.0,)), ([38, 21, 50, 59, 58, 39], (240.0,))] overall_top3=[([38, 21, 50, 59, 58, 39], (240.0,), 32), ([38, 25, 50, 59, 58, 39], (240.0,), 38), ([44, 21, 33, 59, 58, 39], (242.0,), 31)]
gen=44 nevals=51 stats={'avg': np.float64(242.7), 'std': np.float64(10.116958888067952), 'min': np.float64(240.0), 'max': np.float64(300.0)} top3=[([38, 21, 50, 59, 58, 39], (240.0,)), ([38, 21, 50, 59, 58, 39], (240.0,)), ([38, 21, 50, 59, 58, 39], (240.0,))] overall_top3=[([38, 21, 50, 59, 58, 39], (240.0,), 32), ([38, 25, 50, 59, 58, 39], (240.0,), 38), ([44, 21, 33, 59, 58, 39], (242.0,), 31)]
gen=45 nevals=44 stats={'avg': np.float64(243.61428571428573), 'std': np.float64(11.871084746611174), 'min': np.float64(240.0), 'max': np.float64(300.0)} top3=[([38, 21, 50, 59, 58, 39], (240.0,)), ([38, 25, 50, 59, 58, 39], (240.0,)), ([38, 21, 50, 59, 58, 39], (240.0,))] overall_top3=[([38, 21, 50, 59, 58, 39], (240.0,), 32), ([38, 25, 50, 59, 58, 39], (240.0,), 38), ([44, 21, 33, 59, 58, 39], (242.0,), 31)]
gen=46 nevals=42 stats={'avg': np.float64(241.81428571428572), 'std': np.float64(8.742822128781429), 'min': np.float64(240.0), 'max': np.float64(300.0)} top3=[([38, 21, 50, 59, 58, 39], (240.0,)), ([38, 21, 50, 59, 58, 39], (240.0,)), ([38, 21, 50, 59, 58, 39], (240.0,))] overall_top3=[([38, 21, 50, 59, 58, 39], (240.0,), 32), ([38, 25, 50, 59, 58, 39], (240.0,), 38), ([44, 21, 33, 59, 58, 39], (242.0,), 31)]
gen=47 nevals=45 stats={'avg': np.float64(244.0142857142857), 'std': np.float64(13.368932917287706), 'min': np.float64(240.0), 'max': np.float64(300.0)} top3=[([38, 21, 50, 59, 58, 39], (240.0,)), ([38, 25, 50, 59, 58, 39], (240.0,)), ([38, 21, 50, 59, 58, 39], (240.0,))] overall_top3=[([38, 21, 50, 59, 58, 39], (240.0,), 32), ([38, 25, 50, 59, 58, 39], (240.0,), 38), ([44, 21, 33, 59, 58, 39], (242.0,), 31)]
gen=48 nevals=42 stats={'avg': np.float64(242.94285714285715), 'std': np.float64(8.804034325703372), 'min': np.float64(240.0), 'max': np.float64(278.0)} top3=[([38, 21, 50, 59, 58, 39], (240.0,)), ([38, 21, 50, 59, 58, 39], (240.0,)), ([38, 21, 50, 59, 58, 39], (240.0,))] overall_top3=[([38, 21, 50, 59, 58, 39], (240.0,), 32), ([38, 25, 50, 59, 58, 39], (240.0,), 38), ([44, 21, 33, 59, 58, 39], (242.0,), 31)]
gen=49 nevals=51 stats={'avg': np.float64(241.04285714285714), 'std': np.float64(4.079340683022597), 'min': np.float64(240.0), 'max': np.float64(264.0)} top3=[([38, 25, 50, 59, 58, 39], (240.0,)), ([38, 21, 50, 59, 58, 39], (240.0,)), ([38, 21, 50, 59, 58, 39], (240.0,))] overall_top3=[([38, 21, 50, 59, 58, 39], (240.0,), 32), ([38, 25, 50, 59, 58, 39], (240.0,), 38), ([44, 21, 33, 59, 58, 39], (242.0,), 31)]
gen=50 nevals=37 stats={'avg': np.float64(241.5142857142857), 'std': np.float64(8.008464909336974), 'min': np.float64(240.0), 'max': np.float64(300.0)} top3=[([38, 21, 50, 59, 58, 39], (240.0,)), ([38, 21, 50, 59, 58, 39], (240.0,)), ([38, 21, 50, 59, 58, 39], (240.0,))] overall_top3=[([38, 21, 50, 59, 58, 39], (240.0,), 32), ([38, 25, 50, 59, 58, 39], (240.0,), 38), ([44, 21, 33, 59, 58, 39], (242.0,), 31)]
gen=51 nevals=48 stats={'avg': np.float64(241.62857142857143), 'std': np.float64(7.874318888588629), 'min': np.float64(240.0), 'max': np.float64(300.0)} top3=[([38, 21, 50, 59, 58, 39], (240.0,)), ([38, 21, 50, 59, 58, 39], (240.0,)), ([38, 21, 50, 59, 58, 39], (240.0,))] overall_top3=[([38, 21, 50, 59, 58, 39], (240.0,), 32), ([38, 25, 50, 59, 58, 39], (240.0,), 38), ([44, 21, 33, 59, 58, 39], (242.0,), 31)]
gen=52 nevals=37 stats={'avg': np.float64(243.17142857142858), 'std': np.float64(9.622846963007849), 'min': np.float64(240.0), 'max': np.float64(286.0)} top3=[([38, 21, 50, 59, 58, 39], (240.0,)), ([38, 21, 50, 59, 58, 39], (240.0,)), ([38, 25, 50, 59, 58, 39], (240.0,))] overall_top3=[([38, 21, 50, 59, 58, 39], (240.0,), 32), ([38, 25, 50, 59, 58, 39], (240.0,), 38), ([44, 21, 33, 59, 58, 39], (242.0,), 31)]
gen=53 nevals=44 stats={'avg': np.float64(244.5857142857143), 'std': np.float64(13.840409631781503), 'min': np.float64(240.0), 'max': np.float64(300.0)} top3=[([38, 21, 50, 59, 58, 39], (240.0,)), ([38, 21, 50, 59, 58, 39], (240.0,)), ([38, 25, 50, 59, 58, 39], (240.0,))] overall_top3=[([38, 21, 50, 59, 58, 39], (240.0,), 32), ([38, 25, 50, 59, 58, 39], (240.0,), 38), ([44, 21, 33, 59, 58, 39], (242.0,), 31)]
gen=54 nevals=47 stats={'avg': np.float64(243.12857142857143), 'std': np.float64(10.068226441308788), 'min': np.float64(240.0), 'max': np.float64(291.0)} top3=[([38, 21, 50, 59, 58, 39], (240.0,)), ([38, 21, 50, 59, 58, 39], (240.0,)), ([38, 21, 50, 59, 58, 39], (240.0,))] overall_top3=[([38, 21, 50, 59, 58, 39], (240.0,), 32), ([38, 25, 50, 59, 58, 39], (240.0,), 38), ([44, 21, 33, 59, 58, 39], (242.0,), 31)]
gen=55 nevals=40 stats={'avg': np.float64(241.55714285714285), 'std': np.float64(6.301101296679843), 'min': np.float64(240.0), 'max': np.float64(278.0)} top3=[([38, 21, 50, 59, 58, 39], (240.0,)), ([38, 21, 50, 59, 58, 39], (240.0,)), ([38, 21, 50, 59, 58, 39], (240.0,))] overall_top3=[([38, 21, 50, 59, 58, 39], (240.0,), 32), ([38, 25, 50, 59, 58, 39], (240.0,), 38), ([44, 21, 33, 59, 58, 39], (242.0,), 31)]
gen=56 nevals=41 stats={'avg': np.float64(246.64285714285714), 'std': np.float64(16.727253821478385), 'min': np.float64(240.0), 'max': np.float64(300.0)} top3=[([38, 21, 50, 59, 58, 39], (240.0,)), ([38, 21, 50, 59, 58, 39], (240.0,)), ([38, 21, 50, 59, 58, 39], (240.0,))] overall_top3=[([38, 21, 50, 59, 58, 39], (240.0,), 32), ([38, 25, 50, 59, 58, 39], (240.0,), 38), ([44, 21, 33, 59, 58, 39], (242.0,), 31)]
gen=57 nevals=38 stats={'avg': np.float64(243.85714285714286), 'std': np.float64(12.07392197410331), 'min': np.float64(240.0), 'max': np.float64(300.0)} top3=[([38, 21, 50, 59, 58, 39], (240.0,)), ([38, 21, 50, 59, 58, 39], (240.0,)), ([38, 21, 50, 59, 58, 39], (240.0,))] overall_top3=[([38, 21, 50, 59, 58, 39], (240.0,), 32), ([38, 25, 50, 59, 58, 39], (240.0,), 38), ([44, 21, 33, 59, 58, 39], (242.0,), 31)]
gen=58 nevals=42 stats={'avg': np.float64(243.61428571428573), 'std': np.float64(12.431863275060417), 'min': np.float64(240.0), 'max': np.float64(300.0)} top3=[([38, 21, 50, 59, 58, 39], (240.0,)), ([38, 21, 50, 59, 58, 39], (240.0,)), ([38, 21, 50, 59, 58, 39], (240.0,))] overall_top3=[([38, 21, 50, 59, 58, 39], (240.0,), 32), ([38, 25, 50, 59, 58, 39], (240.0,), 38), ([44, 21, 33, 59, 58, 39], (242.0,), 31)]
gen=59 nevals=49 stats={'avg': np.float64(242.88571428571427), 'std': np.float64(11.118251220586878), 'min': np.float64(240.0), 'max': np.float64(300.0)} top3=[([38, 21, 50, 59, 58, 39], (240.0,)), ([38, 21, 50, 59, 58, 39], (240.0,)), ([38, 21, 50, 59, 58, 39], (240.0,))] overall_top3=[([38, 21, 50, 59, 58, 39], (240.0,), 32), ([38, 25, 50, 59, 58, 39], (240.0,), 38), ([44, 21, 33, 59, 58, 39], (242.0,), 31)]
gen=60 nevals=48 stats={'avg': np.float64(244.17142857142858), 'std': np.float64(12.786121302380312), 'min': np.float64(240.0), 'max': np.float64(300.0)} top3=[([38, 21, 50, 59, 58, 39], (240.0,)), ([38, 21, 50, 59, 58, 39], (240.0,)), ([38, 44, 50, 59, 58, 39], (240.0,))] overall_top3=[([38, 21, 50, 59, 58, 39], (240.0,), 32), ([38, 25, 50, 59, 58, 39], (240.0,), 38), ([38, 44, 50, 59, 58, 39], (240.0,), 60)]
gen=61 nevals=47 stats={'avg': np.float64(245.17142857142858), 'std': np.float64(15.500204080289144), 'min': np.float64(240.0), 'max': np.float64(300.0)} top3=[([38, 21, 50, 59, 58, 39], (240.0,)), ([38, 21, 50, 59, 58, 39], (240.0,)), ([38, 21, 50, 59, 58, 39], (240.0,))] overall_top3=[([38, 21, 50, 59, 58, 39], (240.0,), 32), ([38, 25, 50, 59, 58, 39], (240.0,), 38), ([38, 44, 50, 59, 58, 39], (240.0,), 60)]
gen=62 nevals=48 stats={'avg': np.float64(243.35714285714286), 'std': np.float64(9.998622354084178), 'min': np.float64(240.0), 'max': np.float64(280.0)} top3=[([38, 21, 50, 59, 58, 39], (240.0,)), ([38, 21, 50, 59, 58, 39], (240.0,)), ([38, 21, 50, 59, 58, 39], (240.0,))] overall_top3=[([38, 21, 50, 59, 58, 39], (240.0,), 32), ([38, 25, 50, 59, 58, 39], (240.0,), 38), ([38, 44, 50, 59, 58, 39], (240.0,), 60)]
gen=63 nevals=35 stats={'avg': np.float64(241.81428571428572), 'std': np.float64(8.458795687909475), 'min': np.float64(240.0), 'max': np.float64(291.0)} top3=[([38, 21, 50, 59, 58, 39], (240.0,)), ([38, 21, 50, 59, 58, 39], (240.0,)), ([38, 21, 50, 59, 58, 39], (240.0,))] overall_top3=[([38, 21, 50, 59, 58, 39], (240.0,), 32), ([38, 25, 50, 59, 58, 39], (240.0,), 38), ([38, 44, 50, 59, 58, 39], (240.0,), 60)]
gen=64 nevals=46 stats={'avg': np.float64(244.5857142857143), 'std': np.float64(12.419446568234209), 'min': np.float64(240.0), 'max': np.float64(289.0)} top3=[([38, 21, 50, 59, 58, 39], (240.0,)), ([38, 21, 50, 59, 58, 39], (240.0,)), ([38, 21, 50, 59, 58, 39], (240.0,))] overall_top3=[([38, 21, 50, 59, 58, 39], (240.0,), 32), ([38, 25, 50, 59, 58, 39], (240.0,), 38), ([38, 44, 50, 59, 58, 39], (240.0,), 60)]
gen=65 nevals=48 stats={'avg': np.float64(242.68571428571428), 'std': np.float64(10.583738007154261), 'min': np.float64(240.0), 'max': np.float64(300.0)} top3=[([38, 21, 50, 59, 58, 39], (240.0,)), ([38, 21, 50, 59, 58, 39], (240.0,)), ([38, 21, 50, 59, 58, 39], (240.0,))] overall_top3=[([38, 21, 50, 59, 58, 39], (240.0,), 32), ([38, 25, 50, 59, 58, 39], (240.0,), 38), ([38, 44, 50, 59, 58, 39], (240.0,), 60)]
gen=66 nevals=53 stats={'avg': np.float64(242.28571428571428), 'std': np.float64(8.021654366495117), 'min': np.float64(240.0), 'max': np.float64(279.0)} top3=[([38, 21, 50, 59, 58, 39], (240.0,)), ([38, 21, 50, 59, 58, 39], (240.0,)), ([38, 21, 50, 59, 58, 39], (240.0,))] overall_top3=[([38, 21, 50, 59, 58, 39], (240.0,), 32), ([38, 25, 50, 59, 58, 39], (240.0,), 38), ([38, 44, 50, 59, 58, 39], (240.0,), 60)]
gen=67 nevals=42 stats={'avg': np.float64(243.88571428571427), 'std': np.float64(13.389273806343065), 'min': np.float64(240.0), 'max': np.float64(300.0)} top3=[([38, 21, 50, 59, 58, 39], (240.0,)), ([38, 21, 50, 59, 58, 39], (240.0,)), ([38, 21, 50, 59, 58, 39], (240.0,))] overall_top3=[([38, 21, 50, 59, 58, 39], (240.0,), 32), ([38, 25, 50, 59, 58, 39], (240.0,), 38), ([38, 44, 50, 59, 58, 39], (240.0,), 60)]
gen=68 nevals=38 stats={'avg': np.float64(240.75714285714287), 'std': np.float64(6.053182667668575), 'min': np.float64(240.0), 'max': np.float64(291.0)} top3=[([38, 21, 50, 59, 58, 39], (240.0,)), ([38, 21, 50, 59, 58, 39], (240.0,)), ([38, 21, 50, 59, 58, 39], (240.0,))] overall_top3=[([38, 21, 50, 59, 58, 39], (240.0,), 32), ([38, 25, 50, 59, 58, 39], (240.0,), 38), ([38, 44, 50, 59, 58, 39], (240.0,), 60)]
gen=69 nevals=42 stats={'avg': np.float64(241.12857142857143), 'std': np.float64(6.440766211232566), 'min': np.float64(240.0), 'max': np.float64(282.0)} top3=[([38, 21, 50, 59, 58, 39], (240.0,)), ([38, 21, 50, 59, 58, 39], (240.0,)), ([38, 21, 50, 59, 58, 39], (240.0,))] overall_top3=[([38, 21, 50, 59, 58, 39], (240.0,), 32), ([38, 25, 50, 59, 58, 39], (240.0,), 38), ([38, 44, 50, 59, 58, 39], (240.0,), 60)]
gen=70 nevals=49 stats={'avg': np.float64(244.0142857142857), 'std': np.float64(12.845780693778526), 'min': np.float64(240.0), 'max': np.float64(300.0)} top3=[([38, 21, 50, 59, 58, 39], (240.0,)), ([38, 21, 50, 59, 58, 39], (240.0,)), ([38, 21, 50, 59, 58, 39], (240.0,))] overall_top3=[([38, 21, 50, 59, 58, 39], (240.0,), 32), ([38, 25, 50, 59, 58, 39], (240.0,), 38), ([38, 44, 50, 59, 58, 39], (240.0,), 60)]
gen=71 nevals=48 stats={'avg': np.float64(243.3), 'std': np.float64(12.730559408649047), 'min': np.float64(240.0), 'max': np.float64(300.0)} top3=[([38, 21, 50, 59, 58, 39], (240.0,)), ([38, 21, 50, 59, 58, 39], (240.0,)), ([38, 21, 50, 59, 58, 39], (240.0,))] overall_top3=[([38, 21, 50, 59, 58, 39], (240.0,), 32), ([38, 25, 50, 59, 58, 39], (240.0,), 38), ([38, 44, 50, 59, 58, 39], (240.0,), 60)]
gen=72 nevals=49 stats={'avg': np.float64(244.67142857142858), 'std': np.float64(14.07705471282097), 'min': np.float64(240.0), 'max': np.float64(300.0)} top3=[([38, 21, 50, 59, 58, 39], (240.0,)), ([38, 21, 50, 59, 58, 39], (240.0,)), ([38, 21, 50, 59, 58, 39], (240.0,))] overall_top3=[([38, 21, 50, 59, 58, 39], (240.0,), 32), ([38, 25, 50, 59, 58, 39], (240.0,), 38), ([38, 44, 50, 59, 58, 39], (240.0,), 60)]
gen=73 nevals=40 stats={'avg': np.float64(242.81428571428572), 'std': np.float64(9.312499828790575), 'min': np.float64(240.0), 'max': np.float64(279.0)} top3=[([38, 21, 50, 59, 58, 39], (240.0,)), ([38, 21, 50, 59, 58, 39], (240.0,)), ([38, 21, 50, 59, 58, 39], (240.0,))] overall_top3=[([38, 21, 50, 59, 58, 39], (240.0,), 32), ([38, 25, 50, 59, 58, 39], (240.0,), 38), ([38, 44, 50, 59, 58, 39], (240.0,), 60)]
gen=74 nevals=32 stats={'avg': np.float64(243.31428571428572), 'std': np.float64(11.34717442127946), 'min': np.float64(240.0), 'max': np.float64(300.0)} top3=[([38, 21, 50, 59, 58, 39], (240.0,)), ([38, 21, 50, 59, 58, 39], (240.0,)), ([38, 21, 50, 59, 58, 39], (240.0,))] overall_top3=[([38, 21, 50, 59, 58, 39], (240.0,), 32), ([38, 25, 50, 59, 58, 39], (240.0,), 38), ([38, 44, 50, 59, 58, 39], (240.0,), 60)]
gen=75 nevals=41 stats={'avg': np.float64(244.15714285714284), 'std': np.float64(13.616833819405526), 'min': np.float64(240.0), 'max': np.float64(300.0)} top3=[([38, 21, 50, 59, 58, 39], (240.0,)), ([38, 21, 50, 59, 58, 39], (240.0,)), ([38, 21, 50, 59, 58, 39], (240.0,))] overall_top3=[([38, 21, 50, 59, 58, 39], (240.0,), 32), ([38, 25, 50, 59, 58, 39], (240.0,), 38), ([38, 44, 50, 59, 58, 39], (240.0,), 60)]
gen=76 nevals=46 stats={'avg': np.float64(247.12857142857143), 'std': np.float64(16.026693294600225), 'min': np.float64(240.0), 'max': np.float64(300.0)} top3=[([38, 21, 50, 59, 58, 39], (240.0,)), ([38, 21, 50, 59, 58, 39], (240.0,)), ([38, 21, 50, 59, 58, 39], (240.0,))] overall_top3=[([38, 21, 50, 59, 58, 39], (240.0,), 32), ([38, 25, 50, 59, 58, 39], (240.0,), 38), ([38, 44, 50, 59, 58, 39], (240.0,), 60)]
gen=77 nevals=42 stats={'avg': np.float64(242.65714285714284), 'std': np.float64(9.98267887648503), 'min': np.float64(240.0), 'max': np.float64(300.0)} top3=[([38, 21, 50, 59, 58, 39], (240.0,)), ([38, 21, 50, 59, 58, 39], (240.0,)), ([38, 21, 50, 59, 58, 39], (240.0,))] overall_top3=[([38, 21, 50, 59, 58, 39], (240.0,), 32), ([38, 25, 50, 59, 58, 39], (240.0,), 38), ([38, 44, 50, 59, 58, 39], (240.0,), 60)]
gen=78 nevals=48 stats={'avg': np.float64(243.22857142857143), 'std': np.float64(10.398037491443729), 'min': np.float64(240.0), 'max': np.float64(300.0)} top3=[([38, 21, 50, 59, 58, 39], (240.0,)), ([38, 21, 50, 59, 58, 39], (240.0,)), ([38, 21, 50, 59, 58, 39], (240.0,))] overall_top3=[([38, 21, 50, 59, 58, 39], (240.0,), 32), ([38, 25, 50, 59, 58, 39], (240.0,), 38), ([38, 44, 50, 59, 58, 39], (240.0,), 60)]
gen=79 nevals=57 stats={'avg': np.float64(242.21428571428572), 'std': np.float64(8.598825263858274), 'min': np.float64(240.0), 'max': np.float64(279.0)} top3=[([38, 21, 50, 59, 58, 39], (240.0,)), ([38, 21, 50, 59, 58, 39], (240.0,)), ([38, 21, 50, 59, 58, 39], (240.0,))] overall_top3=[([38, 21, 50, 59, 58, 39], (240.0,), 32), ([38, 25, 50, 59, 58, 39], (240.0,), 38), ([38, 44, 50, 59, 58, 39], (240.0,), 60)]
gen=80 nevals=49 stats={'avg': np.float64(241.0857142857143), 'std': np.float64(6.435932293754799), 'min': np.float64(240.0), 'max': np.float64(289.0)} top3=[([38, 21, 50, 59, 58, 39], (240.0,)), ([38, 21, 50, 59, 58, 39], (240.0,)), ([38, 21, 50, 59, 58, 39], (240.0,))] overall_top3=[([38, 21, 50, 59, 58, 39], (240.0,), 32), ([38, 25, 50, 59, 58, 39], (240.0,), 38), ([38, 44, 50, 59, 58, 39], (240.0,), 60)]
gen=81 nevals=39 stats={'avg': np.float64(242.74285714285713), 'std': np.float64(10.735369731187934), 'min': np.float64(240.0), 'max': np.float64(300.0)} top3=[([38, 21, 50, 59, 58, 39], (240.0,)), ([38, 21, 50, 59, 58, 39], (240.0,)), ([38, 21, 50, 59, 58, 39], (240.0,))] overall_top3=[([38, 21, 50, 59, 58, 39], (240.0,), 32), ([38, 25, 50, 59, 58, 39], (240.0,), 38), ([38, 44, 50, 59, 58, 39], (240.0,), 60)]
gen=82 nevals=51 stats={'avg': np.float64(244.22857142857143), 'std': np.float64(12.855428457127617), 'min': np.float64(240.0), 'max': np.float64(300.0)} top3=[([38, 21, 50, 59, 58, 39], (240.0,)), ([38, 21, 50, 59, 58, 39], (240.0,)), ([38, 21, 50, 59, 58, 39], (240.0,))] overall_top3=[([38, 21, 50, 59, 58, 39], (240.0,), 32), ([38, 25, 50, 59, 58, 39], (240.0,), 38), ([38, 44, 50, 59, 58, 39], (240.0,), 60)]
gen=83 nevals=42 stats={'avg': np.float64(242.1), 'std': np.float64(10.041556509966826), 'min': np.float64(240.0), 'max': np.float64(300.0)} top3=[([38, 21, 50, 59, 58, 39], (240.0,)), ([38, 21, 50, 59, 58, 39], (240.0,)), ([38, 21, 50, 59, 58, 39], (240.0,))] overall_top3=[([38, 21, 50, 59, 58, 39], (240.0,), 32), ([38, 25, 50, 59, 58, 39], (240.0,), 38), ([38, 44, 50, 59, 58, 39], (240.0,), 60)]
gen=84 nevals=45 stats={'avg': np.float64(242.22857142857143), 'std': np.float64(9.508149029079409), 'min': np.float64(240.0), 'max': np.float64(300.0)} top3=[([38, 21, 50, 59, 58, 39], (240.0,)), ([38, 21, 50, 59, 58, 39], (240.0,)), ([38, 21, 50, 59, 58, 39], (240.0,))] overall_top3=[([38, 21, 50, 59, 58, 39], (240.0,), 32), ([38, 25, 50, 59, 58, 39], (240.0,), 38), ([38, 44, 50, 59, 58, 39], (240.0,), 60)]
gen=85 nevals=44 stats={'avg': np.float64(241.34285714285716), 'std': np.float64(5.776518264950445), 'min': np.float64(240.0), 'max': np.float64(275.0)} top3=[([38, 21, 50, 59, 58, 39], (240.0,)), ([38, 21, 50, 59, 58, 39], (240.0,)), ([38, 21, 50, 59, 58, 39], (240.0,))] overall_top3=[([38, 21, 50, 59, 58, 39], (240.0,), 32), ([38, 25, 50, 59, 58, 39], (240.0,), 38), ([38, 44, 50, 59, 58, 39], (240.0,), 60)]
gen=86 nevals=46 stats={'avg': np.float64(242.74285714285713), 'std': np.float64(8.63991685523108), 'min': np.float64(240.0), 'max': np.float64(280.0)} top3=[([38, 21, 50, 59, 58, 39], (240.0,)), ([38, 21, 50, 59, 58, 39], (240.0,)), ([38, 21, 50, 59, 58, 39], (240.0,))] overall_top3=[([38, 21, 50, 59, 58, 39], (240.0,), 32), ([38, 25, 50, 59, 58, 39], (240.0,), 38), ([38, 44, 50, 59, 58, 39], (240.0,), 60)]
gen=87 nevals=42 stats={'avg': np.float64(244.0142857142857), 'std': np.float64(12.631584966880057), 'min': np.float64(240.0), 'max': np.float64(300.0)} top3=[([38, 21, 50, 59, 58, 39], (240.0,)), ([38, 21, 50, 59, 58, 39], (240.0,)), ([38, 21, 50, 59, 58, 39], (240.0,))] overall_top3=[([38, 21, 50, 59, 58, 39], (240.0,), 32), ([38, 25, 50, 59, 58, 39], (240.0,), 38), ([38, 44, 50, 59, 58, 39], (240.0,), 60)]
gen=88 nevals=41 stats={'avg': np.float64(240.85714285714286), 'std': np.float64(7.119963311072635), 'min': np.float64(240.0), 'max': np.float64(300.0)} top3=[([38, 21, 50, 59, 58, 39], (240.0,)), ([38, 21, 50, 59, 58, 39], (240.0,)), ([38, 21, 50, 59, 58, 39], (240.0,))] overall_top3=[([38, 21, 50, 59, 58, 39], (240.0,), 32), ([38, 25, 50, 59, 58, 39], (240.0,), 38), ([38, 44, 50, 59, 58, 39], (240.0,), 60)]
gen=89 nevals=38 stats={'avg': np.float64(243.92857142857142), 'std': np.float64(11.951475017839465), 'min': np.float64(240.0), 'max': np.float64(297.0)} top3=[([38, 21, 50, 59, 58, 39], (240.0,)), ([38, 21, 50, 59, 58, 39], (240.0,)), ([38, 21, 50, 59, 58, 39], (240.0,))] overall_top3=[([38, 21, 50, 59, 58, 39], (240.0,), 32), ([38, 25, 50, 59, 58, 39], (240.0,), 38), ([38, 44, 50, 59, 58, 39], (240.0,), 60)]
gen=90 nevals=48 stats={'avg': np.float64(242.71428571428572), 'std': np.float64(11.157499537009507), 'min': np.float64(240.0), 'max': np.float64(300.0)} top3=[([38, 21, 50, 59, 58, 39], (240.0,)), ([38, 21, 50, 59, 58, 39], (240.0,)), ([38, 21, 50, 59, 58, 39], (240.0,))] overall_top3=[([38, 21, 50, 59, 58, 39], (240.0,), 32), ([38, 25, 50, 59, 58, 39], (240.0,), 38), ([38, 44, 50, 59, 58, 39], (240.0,), 60)]
gen=91 nevals=51 stats={'avg': np.float64(244.71428571428572), 'std': np.float64(14.578009718303072), 'min': np.float64(240.0), 'max': np.float64(301.0)} top3=[([38, 21, 50, 59, 58, 39], (240.0,)), ([38, 21, 50, 59, 58, 39], (240.0,)), ([38, 21, 50, 59, 58, 39], (240.0,))] overall_top3=[([38, 21, 50, 59, 58, 39], (240.0,), 32), ([38, 25, 50, 59, 58, 39], (240.0,), 38), ([38, 44, 50, 59, 58, 39], (240.0,), 60)]
gen=92 nevals=46 stats={'avg': np.float64(243.82857142857142), 'std': np.float64(12.802869576300271), 'min': np.float64(240.0), 'max': np.float64(300.0)} top3=[([38, 21, 50, 59, 58, 39], (240.0,)), ([38, 21, 50, 59, 58, 39], (240.0,)), ([38, 21, 50, 59, 58, 39], (240.0,))] overall_top3=[([38, 21, 50, 59, 58, 39], (240.0,), 32), ([38, 25, 50, 59, 58, 39], (240.0,), 38), ([38, 44, 50, 59, 58, 39], (240.0,), 60)]
gen=93 nevals=43 stats={'avg': np.float64(241.85714285714286), 'std': np.float64(7.5768174892434965), 'min': np.float64(240.0), 'max': np.float64(277.0)} top3=[([38, 21, 50, 59, 58, 39], (240.0,)), ([38, 21, 50, 59, 58, 39], (240.0,)), ([38, 21, 50, 59, 58, 39], (240.0,))] overall_top3=[([38, 21, 50, 59, 58, 39], (240.0,), 32), ([38, 25, 50, 59, 58, 39], (240.0,), 38), ([38, 44, 50, 59, 58, 39], (240.0,), 60)]
gen=94 nevals=41 stats={'avg': np.float64(244.15714285714284), 'std': np.float64(14.181109884315132), 'min': np.float64(240.0), 'max': np.float64(300.0)} top3=[([38, 21, 50, 59, 58, 39], (240.0,)), ([38, 21, 50, 59, 45, 39], (240.0,)), ([38, 21, 50, 59, 58, 39], (240.0,))] overall_top3=[([38, 21, 50, 59, 58, 39], (240.0,), 32), ([38, 25, 50, 59, 58, 39], (240.0,), 38), ([38, 44, 50, 59, 58, 39], (240.0,), 60)]
gen=95 nevals=36 stats={'avg': np.float64(244.22857142857143), 'std': np.float64(12.142218470598984), 'min': np.float64(240.0), 'max': np.float64(294.0)} top3=[([38, 21, 50, 59, 58, 39], (240.0,)), ([38, 21, 50, 59, 58, 39], (240.0,)), ([38, 21, 50, 59, 58, 39], (240.0,))] overall_top3=[([38, 21, 50, 59, 58, 39], (240.0,), 32), ([38, 25, 50, 59, 58, 39], (240.0,), 38), ([38, 44, 50, 59, 58, 39], (240.0,), 60)]
gen=96 nevals=46 stats={'avg': np.float64(241.65714285714284), 'std': np.float64(8.26331948913945), 'min': np.float64(240.0), 'max': np.float64(295.0)} top3=[([38, 21, 50, 59, 58, 39], (240.0,)), ([38, 21, 50, 59, 58, 39], (240.0,)), ([38, 21, 50, 59, 45, 39], (240.0,))] overall_top3=[([38, 21, 50, 59, 58, 39], (240.0,), 32), ([38, 25, 50, 59, 58, 39], (240.0,), 38), ([38, 44, 50, 59, 58, 39], (240.0,), 60)]
gen=97 nevals=48 stats={'avg': np.float64(244.71428571428572), 'std': np.float64(14.399546478119033), 'min': np.float64(240.0), 'max': np.float64(300.0)} top3=[([38, 21, 50, 59, 58, 39], (240.0,)), ([38, 21, 50, 59, 58, 39], (240.0,)), ([38, 21, 50, 59, 58, 39], (240.0,))] overall_top3=[([38, 21, 50, 59, 58, 39], (240.0,), 32), ([38, 25, 50, 59, 58, 39], (240.0,), 38), ([38, 44, 50, 59, 58, 39], (240.0,), 60)]
gen=98 nevals=45 stats={'avg': np.float64(244.57142857142858), 'std': np.float64(13.709820701725803), 'min': np.float64(240.0), 'max': np.float64(300.0)} top3=[([38, 21, 50, 59, 58, 39], (240.0,)), ([38, 21, 50, 59, 58, 39], (240.0,)), ([38, 21, 50, 59, 58, 39], (240.0,))] overall_top3=[([38, 21, 50, 59, 58, 39], (240.0,), 32), ([38, 25, 50, 59, 58, 39], (240.0,), 38), ([38, 44, 50, 59, 58, 39], (240.0,), 60)]
gen=99 nevals=45 stats={'avg': np.float64(243.47142857142856), 'std': np.float64(12.107520010981876), 'min': np.float64(240.0), 'max': np.float64(300.0)} top3=[([38, 21, 50, 59, 58, 39], (240.0,)), ([38, 21, 50, 59, 58, 39], (240.0,)), ([38, 21, 50, 59, 58, 39], (240.0,))] overall_top3=[([38, 21, 50, 59, 58, 39], (240.0,), 32), ([38, 25, 50, 59, 58, 39], (240.0,), 38), ([38, 44, 50, 59, 58, 39], (240.0,), 60)]
gen=100 nevals=46 stats={'avg': np.float64(244.9857142857143), 'std': np.float64(14.468184659691719), 'min': np.float64(240.0), 'max': np.float64(300.0)} top3=[([38, 21, 50, 59, 58, 39], (240.0,)), ([38, 21, 50, 59, 58, 39], (240.0,)), ([38, 21, 50, 59, 45, 39], (240.0,))] overall_top3=[([38, 21, 50, 59, 58, 39], (240.0,), 32), ([38, 25, 50, 59, 58, 39], (240.0,), 38), ([38, 44, 50, 59, 58, 39], (240.0,), 60)]
gen=101 nevals=39 stats={'avg': np.float64(243.37142857142857), 'std': np.float64(10.722701456751103), 'min': np.float64(240.0), 'max': np.float64(300.0)} top3=[([38, 21, 50, 59, 58, 39], (240.0,)), ([38, 21, 50, 59, 58, 39], (240.0,)), ([38, 21, 50, 59, 58, 39], (240.0,))] overall_top3=[([38, 21, 50, 59, 58, 39], (240.0,), 32), ([38, 25, 50, 59, 58, 39], (240.0,), 38), ([38, 44, 50, 59, 58, 39], (240.0,), 60)]
gen=102 nevals=49 stats={'avg': np.float64(241.65714285714284), 'std': np.float64(8.473295385732612), 'min': np.float64(240.0), 'max': np.float64(300.0)} top3=[([38, 21, 50, 59, 58, 39], (240.0,)), ([38, 21, 50, 59, 58, 39], (240.0,)), ([38, 21, 50, 59, 58, 39], (240.0,))] overall_top3=[([38, 21, 50, 59, 58, 39], (240.0,), 32), ([38, 25, 50, 59, 58, 39], (240.0,), 38), ([38, 44, 50, 59, 58, 39], (240.0,), 60)]
gen=103 nevals=48 stats={'avg': np.float64(245.4142857142857), 'std': np.float64(15.78380078900322), 'min': np.float64(240.0), 'max': np.float64(300.0)} top3=[([38, 21, 50, 59, 58, 39], (240.0,)), ([38, 21, 50, 59, 58, 39], (240.0,)), ([38, 21, 50, 59, 58, 39], (240.0,))] overall_top3=[([38, 21, 50, 59, 58, 39], (240.0,), 32), ([38, 25, 50, 59, 58, 39], (240.0,), 38), ([38, 44, 50, 59, 58, 39], (240.0,), 60)]
gen=104 nevals=43 stats={'avg': np.float64(242.74285714285713), 'std': np.float64(10.130132863725663), 'min': np.float64(240.0), 'max': np.float64(295.0)} top3=[([38, 21, 50, 59, 58, 39], (240.0,)), ([38, 21, 50, 59, 58, 39], (240.0,)), ([38, 21, 50, 59, 58, 39], (240.0,))] overall_top3=[([38, 21, 50, 59, 58, 39], (240.0,), 32), ([38, 25, 50, 59, 58, 39], (240.0,), 38), ([38, 44, 50, 59, 58, 39], (240.0,), 60)]
gen=105 nevals=36 stats={'avg': np.float64(242.42857142857142), 'std': np.float64(10.760471881011577), 'min': np.float64(240.0), 'max': np.float64(300.0)} top3=[([38, 21, 50, 59, 58, 39], (240.0,)), ([38, 21, 50, 59, 58, 39], (240.0,)), ([38, 21, 50, 59, 58, 39], (240.0,))] overall_top3=[([38, 21, 50, 59, 58, 39], (240.0,), 32), ([38, 25, 50, 59, 58, 39], (240.0,), 38), ([38, 44, 50, 59, 58, 39], (240.0,), 60)]
gen=106 nevals=44 stats={'avg': np.float64(244.07142857142858), 'std': np.float64(11.659847375344436), 'min': np.float64(240.0), 'max': np.float64(300.0)} top3=[([38, 21, 50, 59, 58, 39], (240.0,)), ([38, 21, 50, 59, 58, 39], (240.0,)), ([38, 21, 50, 59, 58, 39], (240.0,))] overall_top3=[([38, 21, 50, 59, 58, 39], (240.0,), 32), ([38, 25, 50, 59, 58, 39], (240.0,), 38), ([38, 44, 50, 59, 58, 39], (240.0,), 60)]
gen=107 nevals=44 stats={'avg': np.float64(245.87142857142857), 'std': np.float64(15.331500186191294), 'min': np.float64(240.0), 'max': np.float64(300.0)} top3=[([38, 21, 50, 59, 58, 39], (240.0,)), ([38, 21, 50, 59, 58, 39], (240.0,)), ([38, 21, 50, 59, 58, 39], (240.0,))] overall_top3=[([38, 21, 50, 59, 58, 39], (240.0,), 32), ([38, 25, 50, 59, 58, 39], (240.0,), 38), ([38, 44, 50, 59, 58, 39], (240.0,), 60)]
gen=108 nevals=45 stats={'avg': np.float64(242.14285714285714), 'std': np.float64(7.674234655717822), 'min': np.float64(240.0), 'max': np.float64(275.0)} top3=[([38, 21, 50, 59, 58, 39], (240.0,)), ([38, 21, 50, 59, 58, 39], (240.0,)), ([38, 21, 50, 59, 58, 39], (240.0,))] overall_top3=[([38, 21, 50, 59, 58, 39], (240.0,), 32), ([38, 25, 50, 59, 58, 39], (240.0,), 38), ([38, 44, 50, 59, 58, 39], (240.0,), 60)]
gen=109 nevals=42 stats={'avg': np.float64(241.18571428571428), 'std': np.float64(7.0615515436822855), 'min': np.float64(240.0), 'max': np.float64(290.0)} top3=[([38, 21, 50, 59, 58, 39], (240.0,)), ([38, 21, 50, 59, 58, 39], (240.0,)), ([38, 21, 50, 59, 58, 39], (240.0,))] overall_top3=[([38, 21, 50, 59, 58, 39], (240.0,), 32), ([38, 25, 50, 59, 58, 39], (240.0,), 38), ([38, 44, 50, 59, 58, 39], (240.0,), 60)]
gen=110 nevals=58 stats={'avg': np.float64(244.21428571428572), 'std': np.float64(13.199451132682814), 'min': np.float64(240.0), 'max': np.float64(300.0)} top3=[([38, 21, 50, 59, 58, 39], (240.0,)), ([38, 21, 50, 59, 58, 39], (240.0,)), ([38, 21, 50, 59, 58, 39], (240.0,))] overall_top3=[([38, 21, 50, 59, 58, 39], (240.0,), 32), ([38, 25, 50, 59, 58, 39], (240.0,), 38), ([38, 44, 50, 59, 58, 39], (240.0,), 60)]
gen=111 nevals=51 stats={'avg': np.float64(241.81428571428572), 'std': np.float64(9.164049100608713), 'min': np.float64(240.0), 'max': np.float64(300.0)} top3=[([38, 21, 50, 59, 58, 39], (240.0,)), ([38, 21, 50, 59, 58, 39], (240.0,)), ([38, 20, 50, 59, 58, 39], (240.0,))] overall_top3=[([38, 21, 50, 59, 58, 39], (240.0,), 32), ([38, 25, 50, 59, 58, 39], (240.0,), 38), ([38, 44, 50, 59, 58, 39], (240.0,), 60)]
gen=112 nevals=37 stats={'avg': np.float64(241.64285714285714), 'std': np.float64(7.052933967578344), 'min': np.float64(240.0), 'max': np.float64(279.0)} top3=[([38, 21, 50, 59, 58, 39], (240.0,)), ([38, 21, 50, 59, 58, 39], (240.0,)), ([38, 21, 50, 59, 58, 39], (240.0,))] overall_top3=[([38, 21, 50, 59, 58, 39], (240.0,), 32), ([38, 25, 50, 59, 58, 39], (240.0,), 38), ([38, 44, 50, 59, 58, 39], (240.0,), 60)]
gen=113 nevals=45 stats={'avg': np.float64(244.15714285714284), 'std': np.float64(11.499858029292255), 'min': np.float64(240.0), 'max': np.float64(291.0)} top3=[([38, 21, 50, 59, 58, 39], (240.0,)), ([38, 21, 50, 59, 58, 39], (240.0,)), ([38, 21, 50, 59, 58, 39], (240.0,))] overall_top3=[([38, 21, 50, 59, 58, 39], (240.0,), 32), ([38, 25, 50, 59, 58, 39], (240.0,), 38), ([38, 44, 50, 59, 58, 39], (240.0,), 60)]
gen=114 nevals=37 stats={'avg': np.float64(244.2), 'std': np.float64(11.624604447955575), 'min': np.float64(240.0), 'max': np.float64(286.0)} top3=[([38, 21, 50, 59, 58, 39], (240.0,)), ([38, 21, 50, 59, 58, 39], (240.0,)), ([38, 21, 50, 59, 58, 39], (240.0,))] overall_top3=[([38, 21, 50, 59, 58, 39], (240.0,), 32), ([38, 25, 50, 59, 58, 39], (240.0,), 38), ([38, 44, 50, 59, 58, 39], (240.0,), 60)]
gen=115 nevals=32 stats={'avg': np.float64(243.68571428571428), 'std': np.float64(12.330615622614024), 'min': np.float64(240.0), 'max': np.float64(300.0)} top3=[([38, 21, 50, 59, 58, 39], (240.0,)), ([38, 21, 50, 59, 58, 39], (240.0,)), ([38, 21, 50, 59, 58, 39], (240.0,))] overall_top3=[([38, 21, 50, 59, 58, 39], (240.0,), 32), ([38, 25, 50, 59, 58, 39], (240.0,), 38), ([38, 44, 50, 59, 58, 39], (240.0,), 60)]
gen=116 nevals=43 stats={'avg': np.float64(242.5142857142857), 'std': np.float64(10.247986362685888), 'min': np.float64(240.0), 'max': np.float64(287.0)} top3=[([38, 21, 50, 59, 58, 39], (240.0,)), ([38, 21, 50, 59, 58, 39], (240.0,)), ([38, 21, 50, 59, 58, 39], (240.0,))] overall_top3=[([38, 21, 50, 59, 58, 39], (240.0,), 32), ([38, 25, 50, 59, 58, 39], (240.0,), 38), ([38, 44, 50, 59, 58, 39], (240.0,), 60)]
gen=117 nevals=36 stats={'avg': np.float64(244.74285714285713), 'std': np.float64(13.348820937002758), 'min': np.float64(240.0), 'max': np.float64(300.0)} top3=[([38, 21, 50, 59, 58, 39], (240.0,)), ([38, 21, 50, 59, 58, 39], (240.0,)), ([38, 21, 50, 59, 58, 39], (240.0,))] overall_top3=[([38, 21, 50, 59, 58, 39], (240.0,), 32), ([38, 25, 50, 59, 58, 39], (240.0,), 38), ([38, 44, 50, 59, 58, 39], (240.0,), 60)]
gen=118 nevals=45 stats={'avg': np.float64(244.24285714285713), 'std': np.float64(10.68301149928603), 'min': np.float64(240.0), 'max': np.float64(279.0)} top3=[([38, 21, 50, 59, 58, 39], (240.0,)), ([38, 21, 50, 59, 58, 39], (240.0,)), ([38, 21, 50, 59, 58, 39], (240.0,))] overall_top3=[([38, 21, 50, 59, 58, 39], (240.0,), 32), ([38, 25, 50, 59, 58, 39], (240.0,), 38), ([38, 44, 50, 59, 58, 39], (240.0,), 60)]
gen=119 nevals=40 stats={'avg': np.float64(241.97142857142856), 'std': np.float64(7.551672338101065), 'min': np.float64(240.0), 'max': np.float64(285.0)} top3=[([38, 21, 50, 59, 58, 39], (240.0,)), ([38, 21, 50, 59, 58, 39], (240.0,)), ([38, 21, 50, 59, 58, 39], (240.0,))] overall_top3=[([38, 21, 50, 59, 58, 39], (240.0,), 32), ([38, 25, 50, 59, 58, 39], (240.0,), 38), ([38, 44, 50, 59, 58, 39], (240.0,), 60)]
gen=120 nevals=42 stats={'avg': np.float64(243.1), 'std': np.float64(11.820261055855386), 'min': np.float64(240.0), 'max': np.float64(300.0)} top3=[([38, 21, 50, 59, 58, 39], (240.0,)), ([38, 21, 50, 59, 58, 39], (240.0,)), ([38, 21, 50, 59, 58, 39], (240.0,))] overall_top3=[([38, 21, 50, 59, 58, 39], (240.0,), 32), ([38, 25, 50, 59, 58, 39], (240.0,), 38), ([38, 44, 50, 59, 58, 39], (240.0,), 60)]
gen=121 nevals=39 stats={'avg': np.float64(242.81428571428572), 'std': np.float64(10.023248485599947), 'min': np.float64(240.0), 'max': np.float64(289.0)} top3=[([38, 21, 50, 59, 58, 39], (240.0,)), ([38, 21, 50, 59, 58, 39], (240.0,)), ([38, 21, 50, 59, 58, 39], (240.0,))] overall_top3=[([38, 21, 50, 59, 58, 39], (240.0,), 32), ([38, 25, 50, 59, 58, 39], (240.0,), 38), ([38, 44, 50, 59, 58, 39], (240.0,), 60)]
gen=122 nevals=39 stats={'avg': np.float64(242.9142857142857), 'std': np.float64(10.504071125239092), 'min': np.float64(240.0), 'max': np.float64(296.0)} top3=[([38, 21, 50, 59, 58, 39], (240.0,)), ([38, 21, 50, 59, 58, 39], (240.0,)), ([38, 21, 50, 59, 58, 39], (240.0,))] overall_top3=[([38, 21, 50, 59, 58, 39], (240.0,), 32), ([38, 25, 50, 59, 58, 39], (240.0,), 38), ([38, 44, 50, 59, 58, 39], (240.0,), 60)]
gen=123 nevals=40 stats={'avg': np.float64(241.68571428571428), 'std': np.float64(8.393097261002822), 'min': np.float64(240.0), 'max': np.float64(300.0)} top3=[([38, 21, 50, 59, 58, 39], (240.0,)), ([38, 21, 50, 59, 58, 39], (240.0,)), ([38, 21, 50, 59, 58, 39], (240.0,))] overall_top3=[([38, 21, 50, 59, 58, 39], (240.0,), 32), ([38, 25, 50, 59, 58, 39], (240.0,), 38), ([38, 44, 50, 59, 58, 39], (240.0,), 60)]
gen=124 nevals=45 stats={'avg': np.float64(247.28571428571428), 'std': np.float64(17.374976141519372), 'min': np.float64(240.0), 'max': np.float64(300.0)} top3=[([38, 21, 50, 59, 58, 39], (240.0,)), ([38, 21, 50, 59, 58, 39], (240.0,)), ([38, 21, 50, 59, 58, 39], (240.0,))] overall_top3=[([38, 21, 50, 59, 58, 39], (240.0,), 32), ([38, 25, 50, 59, 58, 39], (240.0,), 38), ([38, 44, 50, 59, 58, 39], (240.0,), 60)]
gen=125 nevals=50 stats={'avg': np.float64(244.31428571428572), 'std': np.float64(13.21313508503982), 'min': np.float64(240.0), 'max': np.float64(300.0)} top3=[([38, 21, 50, 59, 58, 39], (240.0,)), ([38, 21, 50, 59, 58, 39], (240.0,)), ([38, 21, 50, 59, 58, 39], (240.0,))] overall_top3=[([38, 21, 50, 59, 58, 39], (240.0,), 32), ([38, 25, 50, 59, 58, 39], (240.0,), 38), ([38, 44, 50, 59, 58, 39], (240.0,), 60)]
gen=126 nevals=42 stats={'avg': np.float64(243.82857142857142), 'std': np.float64(11.818836573841931), 'min': np.float64(240.0), 'max': np.float64(300.0)} top3=[([38, 21, 50, 59, 58, 39], (240.0,)), ([38, 21, 50, 59, 58, 39], (240.0,)), ([38, 21, 50, 59, 58, 39], (240.0,))] overall_top3=[([38, 21, 50, 59, 58, 39], (240.0,), 32), ([38, 25, 50, 59, 58, 39], (240.0,), 38), ([38, 44, 50, 59, 58, 39], (240.0,), 60)]
gen=127 nevals=41 stats={'avg': np.float64(243.24285714285713), 'std': np.float64(11.151471029530091), 'min': np.float64(240.0), 'max': np.float64(294.0)} top3=[([38, 21, 50, 59, 58, 39], (240.0,)), ([38, 21, 50, 59, 58, 39], (240.0,)), ([38, 21, 50, 59, 58, 39], (240.0,))] overall_top3=[([38, 21, 50, 59, 58, 39], (240.0,), 32), ([38, 25, 50, 59, 58, 39], (240.0,), 38), ([38, 44, 50, 59, 58, 39], (240.0,), 60)]
gen=128 nevals=41 stats={'avg': np.float64(244.5), 'std': np.float64(13.42359330219957), 'min': np.float64(240.0), 'max': np.float64(300.0)} top3=[([38, 21, 50, 59, 58, 39], (240.0,)), ([38, 21, 50, 59, 58, 39], (240.0,)), ([38, 21, 50, 59, 58, 39], (240.0,))] overall_top3=[([38, 21, 50, 59, 58, 39], (240.0,), 32), ([38, 25, 50, 59, 58, 39], (240.0,), 38), ([38, 44, 50, 59, 58, 39], (240.0,), 60)]
gen=129 nevals=47 stats={'avg': np.float64(242.87142857142857), 'std': np.float64(10.808622786026543), 'min': np.float64(240.0), 'max': np.float64(300.0)} top3=[([38, 21, 50, 59, 58, 39], (240.0,)), ([38, 21, 50, 59, 58, 39], (240.0,)), ([38, 21, 50, 59, 58, 39], (240.0,))] overall_top3=[([38, 21, 50, 59, 58, 39], (240.0,), 32), ([38, 25, 50, 59, 58, 39], (240.0,), 38), ([38, 44, 50, 59, 58, 39], (240.0,), 60)]
gen=130 nevals=37 stats={'avg': np.float64(246.37142857142857), 'std': np.float64(16.525453465635913), 'min': np.float64(240.0), 'max': np.float64(300.0)} top3=[([38, 21, 50, 59, 58, 39], (240.0,)), ([38, 21, 50, 59, 58, 39], (240.0,)), ([38, 21, 50, 59, 58, 39], (240.0,))] overall_top3=[([38, 21, 50, 59, 58, 39], (240.0,), 32), ([38, 25, 50, 59, 58, 39], (240.0,), 38), ([38, 44, 50, 59, 58, 39], (240.0,), 60)]
gen=131 nevals=42 stats={'avg': np.float64(242.25714285714287), 'std': np.float64(8.417135098434986), 'min': np.float64(240.0), 'max': np.float64(280.0)} top3=[([38, 21, 50, 59, 58, 39], (240.0,)), ([38, 21, 50, 59, 58, 39], (240.0,)), ([38, 21, 50, 59, 58, 39], (240.0,))] overall_top3=[([38, 21, 50, 59, 58, 39], (240.0,), 32), ([38, 25, 50, 59, 58, 39], (240.0,), 38), ([38, 44, 50, 59, 58, 39], (240.0,), 60)]
gen=132 nevals=38 stats={'avg': np.float64(241.5142857142857), 'std': np.float64(6.639154113811398), 'min': np.float64(240.0), 'max': np.float64(279.0)} top3=[([38, 21, 50, 59, 58, 39], (240.0,)), ([38, 21, 50, 59, 58, 39], (240.0,)), ([38, 21, 50, 59, 58, 39], (240.0,))] overall_top3=[([38, 21, 50, 59, 58, 39], (240.0,), 32), ([38, 25, 50, 59, 58, 39], (240.0,), 38), ([38, 44, 50, 59, 58, 39], (240.0,), 60)]
gen=133 nevals=55 stats={'avg': np.float64(244.45714285714286), 'std': np.float64(13.000753510344493), 'min': np.float64(240.0), 'max': np.float64(300.0)} top3=[([38, 21, 50, 59, 58, 39], (240.0,)), ([38, 21, 50, 59, 58, 39], (240.0,)), ([38, 21, 50, 59, 58, 39], (240.0,))] overall_top3=[([38, 21, 50, 59, 58, 39], (240.0,), 32), ([38, 25, 50, 59, 58, 39], (240.0,), 38), ([38, 44, 50, 59, 58, 39], (240.0,), 60)]
gen=134 nevals=43 stats={'avg': np.float64(242.61428571428573), 'std': np.float64(9.232385324254517), 'min': np.float64(240.0), 'max': np.float64(296.0)} top3=[([38, 21, 50, 59, 58, 39], (240.0,)), ([38, 21, 50, 59, 58, 39], (240.0,)), ([38, 21, 50, 59, 58, 39], (240.0,))] overall_top3=[([38, 21, 50, 59, 58, 39], (240.0,), 32), ([38, 25, 50, 59, 58, 39], (240.0,), 38), ([38, 44, 50, 59, 58, 39], (240.0,), 60)]
gen=135 nevals=44 stats={'avg': np.float64(242.97142857142856), 'std': np.float64(11.304830103697684), 'min': np.float64(240.0), 'max': np.float64(300.0)} top3=[([38, 21, 50, 59, 58, 39], (240.0,)), ([38, 21, 50, 59, 58, 39], (240.0,)), ([38, 21, 50, 59, 58, 39], (240.0,))] overall_top3=[([38, 21, 50, 59, 58, 39], (240.0,), 32), ([38, 25, 50, 59, 58, 39], (240.0,), 38), ([38, 44, 50, 59, 58, 39], (240.0,), 60)]
gen=136 nevals=42 stats={'avg': np.float64(242.81428571428572), 'std': np.float64(8.594504651466634), 'min': np.float64(240.0), 'max': np.float64(279.0)} top3=[([38, 21, 50, 59, 58, 39], (240.0,)), ([38, 21, 50, 59, 58, 39], (240.0,)), ([38, 21, 50, 59, 58, 39], (240.0,))] overall_top3=[([38, 21, 50, 59, 58, 39], (240.0,), 32), ([38, 25, 50, 59, 58, 39], (240.0,), 38), ([38, 44, 50, 59, 58, 39], (240.0,), 60)]
gen=137 nevals=44 stats={'avg': np.float64(241.9857142857143), 'std': np.float64(9.263589025461625), 'min': np.float64(240.0), 'max': np.float64(300.0)} top3=[([38, 21, 50, 59, 58, 39], (240.0,)), ([38, 21, 50, 59, 58, 39], (240.0,)), ([38, 21, 50, 59, 58, 39], (240.0,))] overall_top3=[([38, 21, 50, 59, 58, 39], (240.0,), 32), ([38, 25, 50, 59, 58, 39], (240.0,), 38), ([38, 44, 50, 59, 58, 39], (240.0,), 60)]
gen=138 nevals=41 stats={'avg': np.float64(243.71428571428572), 'std': np.float64(10.413100069682637), 'min': np.float64(240.0), 'max': np.float64(279.0)} top3=[([38, 21, 50, 59, 58, 39], (240.0,)), ([38, 21, 50, 59, 58, 39], (240.0,)), ([38, 21, 50, 59, 58, 39], (240.0,))] overall_top3=[([38, 21, 50, 59, 58, 39], (240.0,), 32), ([38, 25, 50, 59, 58, 39], (240.0,), 38), ([38, 44, 50, 59, 58, 39], (240.0,), 60)]
gen=139 nevals=41 stats={'avg': np.float64(241.24285714285713), 'std': np.float64(5.900207536993239), 'min': np.float64(240.0), 'max': np.float64(278.0)} top3=[([38, 21, 50, 59, 58, 39], (240.0,)), ([38, 21, 50, 59, 58, 39], (240.0,)), ([38, 21, 50, 59, 58, 39], (240.0,))] overall_top3=[([38, 21, 50, 59, 58, 39], (240.0,), 32), ([38, 25, 50, 59, 58, 39], (240.0,), 38), ([38, 44, 50, 59, 58, 39], (240.0,), 60)]
gen=140 nevals=54 stats={'avg': np.float64(245.12857142857143), 'std': np.float64(15.54249605673006), 'min': np.float64(240.0), 'max': np.float64(300.0)} top3=[([38, 21, 50, 59, 58, 39], (240.0,)), ([38, 21, 50, 59, 58, 39], (240.0,)), ([38, 21, 50, 59, 58, 39], (240.0,))] overall_top3=[([38, 21, 50, 59, 58, 39], (240.0,), 32), ([38, 25, 50, 59, 58, 39], (240.0,), 38), ([38, 44, 50, 59, 58, 39], (240.0,), 60)]
gen=141 nevals=41 stats={'avg': np.float64(243.77142857142857), 'std': np.float64(12.964976368852275), 'min': np.float64(240.0), 'max': np.float64(300.0)} top3=[([38, 21, 50, 59, 58, 39], (240.0,)), ([38, 21, 50, 59, 58, 39], (240.0,)), ([38, 21, 50, 59, 58, 39], (240.0,))] overall_top3=[([38, 21, 50, 59, 58, 39], (240.0,), 32), ([38, 25, 50, 59, 58, 39], (240.0,), 38), ([38, 44, 50, 59, 58, 39], (240.0,), 60)]
gen=142 nevals=43 stats={'avg': np.float64(241.38571428571427), 'std': np.float64(6.904021306751713), 'min': np.float64(240.0), 'max': np.float64(283.0)} top3=[([38, 21, 50, 59, 58, 39], (240.0,)), ([38, 21, 50, 59, 58, 39], (240.0,)), ([38, 21, 50, 59, 58, 39], (240.0,))] overall_top3=[([38, 21, 50, 59, 58, 39], (240.0,), 32), ([38, 25, 50, 59, 58, 39], (240.0,), 38), ([38, 44, 50, 59, 58, 39], (240.0,), 60)]
gen=143 nevals=51 stats={'avg': np.float64(242.94285714285715), 'std': np.float64(10.40588530494123), 'min': np.float64(240.0), 'max': np.float64(300.0)} top3=[([38, 21, 50, 59, 58, 39], (240.0,)), ([38, 21, 50, 59, 58, 39], (240.0,)), ([38, 21, 50, 59, 58, 39], (240.0,))] overall_top3=[([38, 21, 50, 59, 58, 39], (240.0,), 32), ([38, 25, 50, 59, 58, 39], (240.0,), 38), ([38, 44, 50, 59, 58, 39], (240.0,), 60)]
gen=144 nevals=50 stats={'avg': np.float64(246.04285714285714), 'std': np.float64(15.430429782261609), 'min': np.float64(240.0), 'max': np.float64(300.0)} top3=[([38, 21, 50, 59, 58, 39], (240.0,)), ([38, 21, 50, 59, 58, 39], (240.0,)), ([38, 21, 50, 59, 58, 39], (240.0,))] overall_top3=[([38, 21, 50, 59, 58, 39], (240.0,), 32), ([38, 25, 50, 59, 58, 39], (240.0,), 38), ([38, 44, 50, 59, 58, 39], (240.0,), 60)]
gen=145 nevals=38 stats={'avg': np.float64(243.12857142857143), 'std': np.float64(11.321182962635548), 'min': np.float64(240.0), 'max': np.float64(300.0)} top3=[([38, 21, 50, 59, 58, 39], (240.0,)), ([38, 22, 50, 59, 58, 39], (240.0,)), ([38, 21, 50, 59, 58, 39], (240.0,))] overall_top3=[([38, 21, 50, 59, 58, 39], (240.0,), 32), ([38, 25, 50, 59, 58, 39], (240.0,), 38), ([38, 44, 50, 59, 58, 39], (240.0,), 60)]
gen=146 nevals=42 stats={'avg': np.float64(242.21428571428572), 'std': np.float64(9.018857794552884), 'min': np.float64(240.0), 'max': np.float64(300.0)} top3=[([38, 21, 50, 59, 58, 39], (240.0,)), ([38, 21, 50, 59, 58, 39], (240.0,)), ([38, 21, 50, 59, 58, 39], (240.0,))] overall_top3=[([38, 21, 50, 59, 58, 39], (240.0,), 32), ([38, 25, 50, 59, 58, 39], (240.0,), 38), ([38, 44, 50, 59, 58, 39], (240.0,), 60)]
gen=147 nevals=46 stats={'avg': np.float64(243.35714285714286), 'std': np.float64(10.272064355447204), 'min': np.float64(240.0), 'max': np.float64(286.0)} top3=[([38, 21, 50, 59, 58, 39], (240.0,)), ([38, 21, 50, 59, 58, 39], (240.0,)), ([38, 21, 50, 59, 58, 39], (240.0,))] overall_top3=[([38, 21, 50, 59, 58, 39], (240.0,), 32), ([38, 25, 50, 59, 58, 39], (240.0,), 38), ([38, 44, 50, 59, 58, 39], (240.0,), 60)]
gen=148 nevals=49 stats={'avg': np.float64(244.4857142857143), 'std': np.float64(13.289891816331535), 'min': np.float64(240.0), 'max': np.float64(300.0)} top3=[([38, 21, 50, 59, 58, 39], (240.0,)), ([38, 21, 50, 59, 58, 39], (240.0,)), ([38, 21, 50, 59, 58, 39], (240.0,))] overall_top3=[([38, 21, 50, 59, 58, 39], (240.0,), 32), ([38, 25, 50, 59, 58, 39], (240.0,), 38), ([38, 44, 50, 59, 58, 39], (240.0,), 60)]
gen=149 nevals=52 stats={'avg': np.float64(244.71428571428572), 'std': np.float64(13.3514502766477), 'min': np.float64(240.0), 'max': np.float64(300.0)} top3=[([38, 21, 50, 59, 58, 39], (240.0,)), ([38, 21, 50, 59, 58, 39], (240.0,)), ([38, 21, 50, 59, 58, 39], (240.0,))] overall_top3=[([38, 21, 50, 59, 58, 39], (240.0,), 32), ([38, 25, 50, 59, 58, 39], (240.0,), 38), ([38, 44, 50, 59, 58, 39], (240.0,), 60)]
gen=150 nevals=44 stats={'avg': np.float64(244.4142857142857), 'std': np.float64(12.868003349552005), 'min': np.float64(240.0), 'max': np.float64(300.0)} top3=[([38, 21, 50, 59, 58, 39], (240.0,)), ([38, 21, 50, 59, 58, 39], (240.0,)), ([38, 21, 50, 59, 58, 39], (240.0,))] overall_top3=[([38, 21, 50, 59, 58, 39], (240.0,), 32), ([38, 25, 50, 59, 58, 39], (240.0,), 38), ([38, 44, 50, 59, 58, 39], (240.0,), 60)]
gen=151 nevals=40 stats={'avg': np.float64(242.5857142857143), 'std': np.float64(9.976390496915142), 'min': np.float64(240.0), 'max': np.float64(300.0)} top3=[([38, 21, 50, 59, 58, 39], (240.0,)), ([38, 21, 50, 59, 58, 39], (240.0,)), ([38, 21, 50, 59, 58, 39], (240.0,))] overall_top3=[([38, 21, 50, 59, 58, 39], (240.0,), 32), ([38, 25, 50, 59, 58, 39], (240.0,), 38), ([38, 44, 50, 59, 58, 39], (240.0,), 60)]
gen=152 nevals=41 stats={'avg': np.float64(241.7), 'std': np.float64(7.1160783742572296), 'min': np.float64(240.0), 'max': np.float64(284.0)} top3=[([38, 21, 50, 59, 58, 39], (240.0,)), ([38, 21, 50, 59, 58, 39], (240.0,)), ([38, 21, 50, 59, 58, 39], (240.0,))] overall_top3=[([38, 21, 50, 59, 58, 39], (240.0,), 32), ([38, 25, 50, 59, 58, 39], (240.0,), 38), ([38, 44, 50, 59, 58, 39], (240.0,), 60)]
gen=153 nevals=43 stats={'avg': np.float64(242.8), 'std': np.float64(10.562196741208716), 'min': np.float64(240.0), 'max': np.float64(300.0)} top3=[([38, 21, 50, 59, 58, 39], (240.0,)), ([38, 21, 50, 59, 58, 39], (240.0,)), ([38, 21, 50, 59, 58, 39], (240.0,))] overall_top3=[([38, 21, 50, 59, 58, 39], (240.0,), 32), ([38, 25, 50, 59, 58, 39], (240.0,), 38), ([38, 44, 50, 59, 58, 39], (240.0,), 60)]
gen=154 nevals=38 stats={'avg': np.float64(243.7), 'std': np.float64(11.398433476328481), 'min': np.float64(240.0), 'max': np.float64(297.0)} top3=[([38, 21, 50, 59, 58, 39], (240.0,)), ([38, 21, 50, 59, 58, 39], (240.0,)), ([38, 21, 50, 59, 58, 39], (240.0,))] overall_top3=[([38, 21, 50, 59, 58, 39], (240.0,), 32), ([38, 25, 50, 59, 58, 39], (240.0,), 38), ([38, 44, 50, 59, 58, 39], (240.0,), 60)]
gen=155 nevals=50 stats={'avg': np.float64(246.0857142857143), 'std': np.float64(15.785837103594613), 'min': np.float64(240.0), 'max': np.float64(300.0)} top3=[([38, 21, 50, 59, 58, 39], (240.0,)), ([38, 21, 50, 59, 58, 39], (240.0,)), ([38, 21, 50, 59, 58, 39], (240.0,))] overall_top3=[([38, 21, 50, 59, 58, 39], (240.0,), 32), ([38, 25, 50, 59, 58, 39], (240.0,), 38), ([38, 44, 50, 59, 58, 39], (240.0,), 60)]
gen=156 nevals=44 stats={'avg': np.float64(241.35714285714286), 'std': np.float64(6.164496768444549), 'min': np.float64(240.0), 'max': np.float64(283.0)} top3=[([38, 21, 50, 59, 58, 39], (240.0,)), ([38, 21, 50, 59, 58, 39], (240.0,)), ([38, 21, 50, 59, 58, 39], (240.0,))] overall_top3=[([38, 21, 50, 59, 58, 39], (240.0,), 32), ([38, 25, 50, 59, 58, 39], (240.0,), 38), ([38, 44, 50, 59, 58, 39], (240.0,), 60)]
gen=157 nevals=45 stats={'avg': np.float64(241.6), 'std': np.float64(9.353990744978471), 'min': np.float64(240.0), 'max': np.float64(300.0)} top3=[([38, 21, 50, 59, 58, 39], (240.0,)), ([38, 21, 50, 59, 58, 39], (240.0,)), ([38, 21, 50, 59, 58, 39], (240.0,))] overall_top3=[([38, 21, 50, 59, 58, 39], (240.0,), 32), ([38, 25, 50, 59, 58, 39], (240.0,), 38), ([38, 44, 50, 59, 58, 39], (240.0,), 60)]
gen=158 nevals=42 stats={'avg': np.float64(241.5), 'std': np.float64(5.932356794972563), 'min': np.float64(240.0), 'max': np.float64(276.0)} top3=[([38, 21, 50, 59, 58, 39], (240.0,)), ([38, 21, 50, 59, 58, 39], (240.0,)), ([38, 21, 50, 59, 58, 39], (240.0,))] overall_top3=[([38, 21, 50, 59, 58, 39], (240.0,), 32), ([38, 25, 50, 59, 58, 39], (240.0,), 38), ([38, 44, 50, 59, 58, 39], (240.0,), 60)]
gen=159 nevals=48 stats={'avg': np.float64(242.75714285714287), 'std': np.float64(10.58629263891447), 'min': np.float64(240.0), 'max': np.float64(300.0)} top3=[([38, 21, 50, 59, 58, 39], (240.0,)), ([38, 21, 50, 59, 58, 39], (240.0,)), ([38, 21, 50, 59, 58, 39], (240.0,))] overall_top3=[([38, 21, 50, 59, 58, 39], (240.0,), 32), ([38, 25, 50, 59, 58, 39], (240.0,), 38), ([38, 44, 50, 59, 58, 39], (240.0,), 60)]
gen=160 nevals=42 stats={'avg': np.float64(246.31428571428572), 'std': np.float64(14.525389453488339), 'min': np.float64(240.0), 'max': np.float64(300.0)} top3=[([38, 21, 50, 59, 58, 39], (240.0,)), ([38, 21, 50, 59, 58, 39], (240.0,)), ([38, 21, 50, 59, 58, 39], (240.0,))] overall_top3=[([38, 21, 50, 59, 58, 39], (240.0,), 32), ([38, 25, 50, 59, 58, 39], (240.0,), 38), ([38, 44, 50, 59, 58, 39], (240.0,), 60)]
gen=161 nevals=43 stats={'avg': np.float64(242.02857142857144), 'std': np.float64(7.389126042602697), 'min': np.float64(240.0), 'max': np.float64(279.0)} top3=[([38, 21, 50, 59, 58, 39], (240.0,)), ([38, 21, 50, 59, 58, 39], (240.0,)), ([38, 21, 50, 59, 58, 39], (240.0,))] overall_top3=[([38, 21, 50, 59, 58, 39], (240.0,), 32), ([38, 25, 50, 59, 58, 39], (240.0,), 38), ([38, 44, 50, 59, 58, 39], (240.0,), 60)]
gen=162 nevals=44 stats={'avg': np.float64(245.75714285714287), 'std': np.float64(15.866798861851404), 'min': np.float64(240.0), 'max': np.float64(300.0)} top3=[([38, 21, 50, 59, 58, 39], (240.0,)), ([38, 21, 50, 59, 58, 39], (240.0,)), ([38, 21, 50, 59, 58, 39], (240.0,))] overall_top3=[([38, 21, 50, 59, 58, 39], (240.0,), 32), ([38, 25, 50, 59, 58, 39], (240.0,), 38), ([38, 44, 50, 59, 58, 39], (240.0,), 60)]
gen=163 nevals=53 stats={'avg': np.float64(242.4857142857143), 'std': np.float64(9.084905624390471), 'min': np.float64(240.0), 'max': np.float64(280.0)} top3=[([38, 21, 50, 59, 58, 39], (240.0,)), ([38, 21, 50, 59, 58, 39], (240.0,)), ([38, 21, 50, 59, 58, 39], (240.0,))] overall_top3=[([38, 21, 50, 59, 58, 39], (240.0,), 32), ([38, 25, 50, 59, 58, 39], (240.0,), 38), ([38, 44, 50, 59, 58, 39], (240.0,), 60)]
gen=164 nevals=45 stats={'avg': np.float64(243.47142857142856), 'std': np.float64(10.78983837899799), 'min': np.float64(240.0), 'max': np.float64(286.0)} top3=[([38, 21, 50, 59, 58, 39], (240.0,)), ([38, 21, 50, 59, 58, 39], (240.0,)), ([38, 21, 50, 59, 58, 39], (240.0,))] overall_top3=[([38, 21, 50, 59, 58, 39], (240.0,), 32), ([38, 25, 50, 59, 58, 39], (240.0,), 38), ([38, 44, 50, 59, 58, 39], (240.0,), 60)]
gen=165 nevals=47 stats={'avg': np.float64(242.64285714285714), 'std': np.float64(9.151168097626686), 'min': np.float64(240.0), 'max': np.float64(279.0)} top3=[([38, 21, 50, 59, 58, 39], (240.0,)), ([38, 21, 50, 59, 58, 39], (240.0,)), ([38, 21, 50, 59, 58, 39], (240.0,))] overall_top3=[([38, 21, 50, 59, 58, 39], (240.0,), 32), ([38, 25, 50, 59, 58, 39], (240.0,), 38), ([38, 44, 50, 59, 58, 39], (240.0,), 60)]
gen=166 nevals=49 stats={'avg': np.float64(243.9142857142857), 'std': np.float64(12.057887587020561), 'min': np.float64(240.0), 'max': np.float64(300.0)} top3=[([38, 21, 50, 59, 58, 39], (240.0,)), ([38, 21, 50, 59, 58, 39], (240.0,)), ([38, 21, 50, 59, 58, 39], (240.0,))] overall_top3=[([38, 21, 50, 59, 58, 39], (240.0,), 32), ([38, 25, 50, 59, 58, 39], (240.0,), 38), ([38, 44, 50, 59, 58, 39], (240.0,), 60)]
gen=167 nevals=45 stats={'avg': np.float64(244.1), 'std': np.float64(13.645669119331808), 'min': np.float64(240.0), 'max': np.float64(300.0)} top3=[([38, 21, 50, 59, 58, 39], (240.0,)), ([38, 21, 50, 59, 58, 39], (240.0,)), ([38, 21, 50, 59, 58, 39], (240.0,))] overall_top3=[([38, 21, 50, 59, 58, 39], (240.0,), 32), ([38, 25, 50, 59, 58, 39], (240.0,), 38), ([38, 44, 50, 59, 58, 39], (240.0,), 60)]
gen=168 nevals=51 stats={'avg': np.float64(242.95714285714286), 'std': np.float64(11.607184615309498), 'min': np.float64(240.0), 'max': np.float64(300.0)} top3=[([38, 21, 50, 59, 58, 39], (240.0,)), ([38, 21, 50, 59, 58, 39], (240.0,)), ([38, 21, 50, 59, 58, 39], (240.0,))] overall_top3=[([38, 21, 50, 59, 58, 39], (240.0,), 32), ([38, 25, 50, 59, 58, 39], (240.0,), 38), ([38, 44, 50, 59, 58, 39], (240.0,), 60)]
gen=169 nevals=43 stats={'avg': np.float64(240.12857142857143), 'std': np.float64(0.7914079419694025), 'min': np.float64(240.0), 'max': np.float64(246.0)} top3=[([38, 21, 50, 59, 58, 39], (240.0,)), ([38, 21, 50, 59, 58, 39], (240.0,)), ([38, 21, 50, 59, 58, 39], (240.0,))] overall_top3=[([38, 21, 50, 59, 58, 39], (240.0,), 32), ([38, 25, 50, 59, 58, 39], (240.0,), 38), ([38, 44, 50, 59, 58, 39], (240.0,), 60)]
gen=170 nevals=46 stats={'avg': np.float64(245.22857142857143), 'std': np.float64(13.81838467774149), 'min': np.float64(240.0), 'max': np.float64(300.0)} top3=[([38, 21, 50, 59, 58, 39], (240.0,)), ([38, 21, 50, 59, 58, 39], (240.0,)), ([38, 21, 50, 59, 58, 39], (240.0,))] overall_top3=[([38, 21, 50, 59, 58, 39], (240.0,), 32), ([38, 25, 50, 59, 58, 39], (240.0,), 38), ([38, 44, 50, 59, 58, 39], (240.0,), 60)]
gen=171 nevals=43 stats={'avg': np.float64(245.31428571428572), 'std': np.float64(14.502751322365263), 'min': np.float64(240.0), 'max': np.float64(300.0)} top3=[([38, 21, 50, 59, 58, 39], (240.0,)), ([38, 21, 50, 59, 58, 39], (240.0,)), ([38, 21, 50, 59, 58, 39], (240.0,))] overall_top3=[([38, 21, 50, 59, 58, 39], (240.0,), 32), ([38, 25, 50, 59, 58, 39], (240.0,), 38), ([38, 44, 50, 59, 58, 39], (240.0,), 60)]
gen=172 nevals=46 stats={'avg': np.float64(244.77142857142857), 'std': np.float64(12.374133653451032), 'min': np.float64(240.0), 'max': np.float64(300.0)} top3=[([38, 21, 50, 59, 58, 39], (240.0,)), ([38, 21, 50, 59, 58, 39], (240.0,)), ([38, 21, 50, 59, 58, 39], (240.0,))] overall_top3=[([38, 21, 50, 59, 58, 39], (240.0,), 32), ([38, 25, 50, 59, 58, 39], (240.0,), 38), ([38, 44, 50, 59, 58, 39], (240.0,), 60)]
gen=173 nevals=50 stats={'avg': np.float64(243.68571428571428), 'std': np.float64(12.579510389226323), 'min': np.float64(240.0), 'max': np.float64(300.0)} top3=[([38, 21, 50, 59, 58, 39], (240.0,)), ([38, 21, 50, 59, 58, 39], (240.0,)), ([38, 21, 50, 59, 58, 39], (240.0,))] overall_top3=[([38, 21, 50, 59, 58, 39], (240.0,), 32), ([38, 25, 50, 59, 58, 39], (240.0,), 38), ([38, 44, 50, 59, 58, 39], (240.0,), 60)]
gen=174 nevals=44 stats={'avg': np.float64(242.0142857142857), 'std': np.float64(9.053007167538873), 'min': np.float64(240.0), 'max': np.float64(300.0)} top3=[([38, 21, 50, 59, 58, 39], (240.0,)), ([38, 21, 50, 59, 58, 39], (240.0,)), ([38, 21, 50, 59, 58, 39], (240.0,))] overall_top3=[([38, 21, 50, 59, 58, 39], (240.0,), 32), ([38, 25, 50, 59, 58, 39], (240.0,), 38), ([38, 44, 50, 59, 58, 39], (240.0,), 60)]
gen=175 nevals=49 stats={'avg': np.float64(242.65714285714284), 'std': np.float64(8.488455545682053), 'min': np.float64(240.0), 'max': np.float64(279.0)} top3=[([38, 21, 50, 59, 58, 39], (240.0,)), ([38, 21, 50, 59, 58, 39], (240.0,)), ([38, 21, 50, 59, 58, 39], (240.0,))] overall_top3=[([38, 21, 50, 59, 58, 39], (240.0,), 32), ([38, 25, 50, 59, 58, 39], (240.0,), 38), ([38, 44, 50, 59, 58, 39], (240.0,), 60)]
gen=176 nevals=41 stats={'avg': np.float64(242.62857142857143), 'std': np.float64(10.084176329522306), 'min': np.float64(240.0), 'max': np.float64(300.0)} top3=[([38, 21, 50, 59, 58, 39], (240.0,)), ([38, 21, 50, 59, 58, 39], (240.0,)), ([38, 21, 50, 59, 58, 39], (240.0,))] overall_top3=[([38, 21, 50, 59, 58, 39], (240.0,), 32), ([38, 25, 50, 59, 58, 39], (240.0,), 38), ([38, 44, 50, 59, 58, 39], (240.0,), 60)]
gen=177 nevals=48 stats={'avg': np.float64(243.54285714285714), 'std': np.float64(11.915998506552578), 'min': np.float64(240.0), 'max': np.float64(300.0)} top3=[([38, 21, 50, 59, 58, 39], (240.0,)), ([38, 21, 50, 59, 58, 39], (240.0,)), ([38, 21, 50, 59, 58, 39], (240.0,))] overall_top3=[([38, 21, 50, 59, 58, 39], (240.0,), 32), ([38, 25, 50, 59, 58, 39], (240.0,), 38), ([38, 44, 50, 59, 58, 39], (240.0,), 60)]
gen=178 nevals=45 stats={'avg': np.float64(241.87142857142857), 'std': np.float64(7.181168684376479), 'min': np.float64(240.0), 'max': np.float64(277.0)} top3=[([38, 21, 50, 59, 58, 39], (240.0,)), ([38, 21, 50, 59, 58, 39], (240.0,)), ([38, 21, 50, 59, 58, 39], (240.0,))] overall_top3=[([38, 21, 50, 59, 58, 39], (240.0,), 32), ([38, 25, 50, 59, 58, 39], (240.0,), 38), ([38, 44, 50, 59, 58, 39], (240.0,), 60)]
gen=179 nevals=34 stats={'avg': np.float64(241.22857142857143), 'std': np.float64(7.337129505995864), 'min': np.float64(240.0), 'max': np.float64(300.0)} top3=[([38, 21, 50, 59, 58, 39], (240.0,)), ([38, 21, 50, 59, 58, 39], (240.0,)), ([38, 21, 50, 59, 58, 39], (240.0,))] overall_top3=[([38, 21, 50, 59, 58, 39], (240.0,), 32), ([38, 25, 50, 59, 58, 39], (240.0,), 38), ([38, 44, 50, 59, 58, 39], (240.0,), 60)]
gen=180 nevals=46 stats={'avg': np.float64(246.62857142857143), 'std': np.float64(15.781699554114143), 'min': np.float64(240.0), 'max': np.float64(300.0)} top3=[([38, 21, 50, 59, 58, 39], (240.0,)), ([38, 21, 50, 59, 58, 39], (240.0,)), ([38, 21, 50, 59, 58, 39], (240.0,))] overall_top3=[([38, 21, 50, 59, 58, 39], (240.0,), 32), ([38, 25, 50, 59, 58, 39], (240.0,), 38), ([38, 44, 50, 59, 58, 39], (240.0,), 60)]
gen=181 nevals=48 stats={'avg': np.float64(243.12857142857143), 'std': np.float64(11.201940429575366), 'min': np.float64(240.0), 'max': np.float64(300.0)} top3=[([38, 21, 50, 59, 58, 39], (240.0,)), ([38, 21, 50, 59, 58, 39], (240.0,)), ([38, 21, 50, 59, 58, 39], (240.0,))] overall_top3=[([38, 21, 50, 59, 58, 39], (240.0,), 32), ([38, 25, 50, 59, 58, 39], (240.0,), 38), ([38, 44, 50, 59, 58, 39], (240.0,), 60)]
gen=182 nevals=49 stats={'avg': np.float64(243.34285714285716), 'std': np.float64(10.861314987850509), 'min': np.float64(240.0), 'max': np.float64(293.0)} top3=[([38, 21, 50, 59, 58, 39], (240.0,)), ([38, 21, 50, 59, 58, 39], (240.0,)), ([38, 21, 50, 59, 58, 39], (240.0,))] overall_top3=[([38, 21, 50, 59, 58, 39], (240.0,), 32), ([38, 25, 50, 59, 58, 39], (240.0,), 38), ([38, 44, 50, 59, 58, 39], (240.0,), 60)]
gen=183 nevals=50 stats={'avg': np.float64(242.64285714285714), 'std': np.float64(10.089649171708759), 'min': np.float64(240.0), 'max': np.float64(300.0)} top3=[([38, 21, 50, 59, 58, 39], (240.0,)), ([38, 21, 50, 59, 58, 39], (240.0,)), ([38, 21, 50, 59, 58, 39], (240.0,))] overall_top3=[([38, 21, 50, 59, 58, 39], (240.0,), 32), ([38, 25, 50, 59, 58, 39], (240.0,), 38), ([38, 44, 50, 59, 58, 39], (240.0,), 60)]
gen=184 nevals=42 stats={'avg': np.float64(242.0857142857143), 'std': np.float64(8.983704067672212), 'min': np.float64(240.0), 'max': np.float64(300.0)} top3=[([38, 21, 50, 59, 58, 39], (240.0,)), ([38, 21, 50, 59, 58, 39], (240.0,)), ([38, 21, 50, 59, 58, 39], (240.0,))] overall_top3=[([38, 21, 50, 59, 58, 39], (240.0,), 32), ([38, 25, 50, 59, 58, 39], (240.0,), 38), ([38, 44, 50, 59, 58, 39], (240.0,), 60)]
gen=185 nevals=45 stats={'avg': np.float64(241.32857142857142), 'std': np.float64(7.684346665362604), 'min': np.float64(240.0), 'max': np.float64(300.0)} top3=[([38, 21, 50, 59, 58, 39], (240.0,)), ([38, 21, 50, 59, 58, 39], (240.0,)), ([38, 21, 50, 59, 58, 39], (240.0,))] overall_top3=[([38, 21, 50, 59, 58, 39], (240.0,), 32), ([38, 25, 50, 59, 58, 39], (240.0,), 38), ([38, 44, 50, 59, 58, 39], (240.0,), 60)]
gen=186 nevals=51 stats={'avg': np.float64(242.4857142857143), 'std': np.float64(8.028063024065478), 'min': np.float64(240.0), 'max': np.float64(277.0)} top3=[([38, 21, 50, 59, 58, 39], (240.0,)), ([38, 21, 50, 59, 58, 39], (240.0,)), ([38, 21, 50, 59, 58, 39], (240.0,))] overall_top3=[([38, 21, 50, 59, 58, 39], (240.0,), 32), ([38, 25, 50, 59, 58, 39], (240.0,), 38), ([38, 44, 50, 59, 58, 39], (240.0,), 60)]
gen=187 nevals=47 stats={'avg': np.float64(242.55714285714285), 'std': np.float64(9.511850825283634), 'min': np.float64(240.0), 'max': np.float64(297.0)} top3=[([38, 21, 50, 59, 58, 39], (240.0,)), ([38, 21, 50, 59, 58, 39], (240.0,)), ([38, 21, 50, 59, 58, 39], (240.0,))] overall_top3=[([38, 21, 50, 59, 58, 39], (240.0,), 32), ([38, 25, 50, 59, 58, 39], (240.0,), 38), ([38, 44, 50, 59, 58, 39], (240.0,), 60)]
gen=188 nevals=40 stats={'avg': np.float64(243.7), 'std': np.float64(10.94055365535558), 'min': np.float64(240.0), 'max': np.float64(295.0)} top3=[([38, 21, 50, 59, 58, 39], (240.0,)), ([38, 21, 50, 59, 58, 39], (240.0,)), ([38, 21, 50, 59, 58, 39], (240.0,))] overall_top3=[([38, 21, 50, 59, 58, 39], (240.0,), 32), ([38, 25, 50, 59, 58, 39], (240.0,), 38), ([38, 44, 50, 59, 58, 39], (240.0,), 60)]
gen=189 nevals=40 stats={'avg': np.float64(240.35714285714286), 'std': np.float64(2.9666513796135985), 'min': np.float64(240.0), 'max': np.float64(265.0)} top3=[([38, 21, 50, 59, 58, 39], (240.0,)), ([38, 21, 50, 59, 58, 39], (240.0,)), ([38, 21, 50, 59, 58, 39], (240.0,))] overall_top3=[([38, 21, 50, 59, 58, 39], (240.0,), 32), ([38, 25, 50, 59, 58, 39], (240.0,), 38), ([38, 44, 50, 59, 58, 39], (240.0,), 60)]
gen=190 nevals=38 stats={'avg': np.float64(240.9142857142857), 'std': np.float64(4.851341072742839), 'min': np.float64(240.0), 'max': np.float64(275.0)} top3=[([38, 21, 50, 59, 58, 39], (240.0,)), ([38, 21, 50, 59, 58, 39], (240.0,)), ([38, 21, 50, 59, 58, 39], (240.0,))] overall_top3=[([38, 21, 50, 59, 58, 39], (240.0,), 32), ([38, 25, 50, 59, 58, 39], (240.0,), 38), ([38, 44, 50, 59, 58, 39], (240.0,), 60)]
gen=191 nevals=41 stats={'avg': np.float64(244.17142857142858), 'std': np.float64(13.411052402053024), 'min': np.float64(240.0), 'max': np.float64(301.0)} top3=[([38, 21, 50, 59, 58, 39], (240.0,)), ([38, 21, 50, 59, 58, 39], (240.0,)), ([38, 21, 50, 59, 58, 39], (240.0,))] overall_top3=[([38, 21, 50, 59, 58, 39], (240.0,), 32), ([38, 25, 50, 59, 58, 39], (240.0,), 38), ([38, 44, 50, 59, 58, 39], (240.0,), 60)]
gen=192 nevals=49 stats={'avg': np.float64(242.82857142857142), 'std': np.float64(11.050496341239839), 'min': np.float64(240.0), 'max': np.float64(300.0)} top3=[([38, 21, 50, 54, 58, 39], (240.0,)), ([38, 21, 50, 59, 58, 39], (240.0,)), ([38, 21, 50, 59, 58, 39], (240.0,))] overall_top3=[([38, 21, 50, 59, 58, 39], (240.0,), 32), ([38, 25, 50, 59, 58, 39], (240.0,), 38), ([38, 44, 50, 59, 58, 39], (240.0,), 60)]
gen=193 nevals=38 stats={'avg': np.float64(242.77142857142857), 'std': np.float64(10.743996900025383), 'min': np.float64(240.0), 'max': np.float64(300.0)} top3=[([38, 21, 50, 59, 58, 39], (240.0,)), ([38, 21, 50, 59, 58, 39], (240.0,)), ([38, 21, 50, 59, 58, 39], (240.0,))] overall_top3=[([38, 21, 50, 59, 58, 39], (240.0,), 32), ([38, 25, 50, 59, 58, 39], (240.0,), 38), ([38, 44, 50, 59, 58, 39], (240.0,), 60)]
gen=194 nevals=39 stats={'avg': np.float64(243.5857142857143), 'std': np.float64(11.504648572447149), 'min': np.float64(240.0), 'max': np.float64(300.0)} top3=[([38, 21, 50, 59, 58, 39], (240.0,)), ([38, 21, 50, 59, 58, 39], (240.0,)), ([38, 21, 50, 59, 58, 39], (240.0,))] overall_top3=[([38, 21, 50, 59, 58, 39], (240.0,), 32), ([38, 25, 50, 59, 58, 39], (240.0,), 38), ([38, 44, 50, 59, 58, 39], (240.0,), 60)]
gen=195 nevals=41 stats={'avg': np.float64(244.47142857142856), 'std': np.float64(13.019459532968803), 'min': np.float64(240.0), 'max': np.float64(300.0)} top3=[([38, 21, 50, 59, 58, 39], (240.0,)), ([38, 21, 50, 59, 58, 39], (240.0,)), ([38, 21, 50, 59, 58, 39], (240.0,))] overall_top3=[([38, 21, 50, 59, 58, 39], (240.0,), 32), ([38, 25, 50, 59, 58, 39], (240.0,), 38), ([38, 44, 50, 59, 58, 39], (240.0,), 60)]
gen=196 nevals=36 stats={'avg': np.float64(243.32857142857142), 'std': np.float64(10.062265335075866), 'min': np.float64(240.0), 'max': np.float64(289.0)} top3=[([38, 21, 50, 59, 58, 39], (240.0,)), ([38, 21, 50, 59, 58, 39], (240.0,)), ([38, 21, 50, 59, 58, 39], (240.0,))] overall_top3=[([38, 21, 50, 59, 58, 39], (240.0,), 32), ([38, 25, 50, 59, 58, 39], (240.0,), 38), ([38, 44, 50, 59, 58, 39], (240.0,), 60)]
gen=197 nevals=44 stats={'avg': np.float64(244.0142857142857), 'std': np.float64(11.865306999992946), 'min': np.float64(240.0), 'max': np.float64(300.0)} top3=[([38, 21, 50, 59, 58, 39], (240.0,)), ([38, 21, 50, 59, 58, 39], (240.0,)), ([38, 21, 50, 59, 58, 39], (240.0,))] overall_top3=[([38, 21, 50, 59, 58, 39], (240.0,), 32), ([38, 25, 50, 59, 58, 39], (240.0,), 38), ([38, 44, 50, 59, 58, 39], (240.0,), 60)]
gen=198 nevals=36 stats={'avg': np.float64(243.04285714285714), 'std': np.float64(10.30455615497438), 'min': np.float64(240.0), 'max': np.float64(300.0)} top3=[([38, 21, 50, 59, 58, 39], (240.0,)), ([38, 21, 50, 59, 58, 39], (240.0,)), ([38, 21, 50, 59, 58, 39], (240.0,))] overall_top3=[([38, 21, 50, 59, 58, 39], (240.0,), 32), ([38, 25, 50, 59, 58, 39], (240.0,), 38), ([38, 44, 50, 59, 58, 39], (240.0,), 60)]
gen=199 nevals=46 stats={'avg': np.float64(245.17142857142858), 'std': np.float64(13.042755436937208), 'min': np.float64(240.0), 'max': np.float64(300.0)} top3=[([38, 21, 50, 59, 58, 39], (240.0,)), ([38, 21, 50, 59, 58, 39], (240.0,)), ([38, 21, 50, 59, 58, 39], (240.0,))] overall_top3=[([38, 21, 50, 59, 58, 39], (240.0,), 32), ([38, 25, 50, 59, 58, 39], (240.0,), 38), ([38, 44, 50, 59, 58, 39], (240.0,), 60)]
gen=200 nevals=38 stats={'avg': np.float64(241.81428571428572), 'std': np.float64(6.831215865721243), 'min': np.float64(240.0), 'max': np.float64(285.0)} top3=[([38, 21, 50, 59, 58, 39], (240.0,)), ([38, 21, 50, 59, 58, 39], (240.0,)), ([38, 21, 50, 59, 58, 39], (240.0,))] overall_top3=[([38, 21, 50, 59, 58, 39], (240.0,), 32), ([38, 25, 50, 59, 58, 39], (240.0,), 38), ([38, 44, 50, 59, 58, 39], (240.0,), 60)]
