# GA run_dir=experiments\ga_shelter\20251222-142334_5219104f
# mate=0.7 mutate=0.3 ngen=200 pop_n=60 tournsize=3
gen=0 nevals=60 stats={'avg': np.float64(153.95), 'std': np.float64(23.32982711751918), 'min': np.float64(110.0), 'max': np.float64(201.0)} top3=[([27, 67, 60, 45, 40, 28], (110.0,)), ([64, 28, 4, 55, 25, 39], (111.0,)), ([60, 58, 0, 51, 31, 39], (112.0,))] overall_top3=[([27, 67, 60, 45, 40, 28], (110.0,), 0), ([64, 28, 4, 55, 25, 39], (111.0,), 0), ([60, 58, 0, 51, 31, 39], (112.0,), 0)]
gen=1 nevals=48 stats={'avg': np.float64(147.33333333333334), 'std': np.float64(26.422633395548516), 'min': np.float64(84.0), 'max': np.float64(201.0)} top3=[([67, 33, 42, 21, 61, 43], (84.0,)), ([62, 54, 69, 2, 27, 60], (100.0,)), ([27, 67, 60, 45, 40, 28], (110.0,))] overall_top3=[([67, 33, 42, 21, 61, 43], (84.0,), 1), ([62, 54, 69, 2, 27, 60], (100.0,), 1), ([27, 67, 60, 45, 40, 28], (110.0,), 0)]
gen=2 nevals=53 stats={'avg': np.float64(148.46666666666667), 'std': np.float64(28.160531876290186), 'min': np.float64(84.0), 'max': np.float64(201.0)} top3=[([67, 33, 42, 21, 61, 43], (84.0,)), ([60, 43, 33, 51, 31, 39], (100.0,)), ([60, 49, 64, 24, 69, 47], (110.0,))] overall_top3=[([67, 33, 42, 21, 61, 43], (84.0,), 1), ([62, 54, 69, 2, 27, 60], (100.0,), 1), ([60, 43, 33, 51, 31, 39], (100.0,), 2)]
gen=3 nevals=46 stats={'avg': np.float64(143.88333333333333), 'std': np.float64(29.856932007305925), 'min': np.float64(87.0), 'max': np.float64(200.0)} top3=[([67, 33, 42, 24, 61, 43], (87.0,)), ([60, 43, 33, 51, 31, 39], (100.0,)), ([60, 43, 33, 51, 31, 39], (100.0,))] overall_top3=[([67, 33, 42, 21, 61, 43], (84.0,), 1), ([67, 33, 42, 24, 61, 43], (87.0,), 3), ([62, 54, 69, 2, 27, 60], (100.0,), 1)]
gen=4 nevals=44 stats={'avg': np.float64(138.4), 'std': np.float64(31.860738639690492), 'min': np.float64(100.0), 'max': np.float64(200.0)} top3=[([60, 43, 33, 51, 31, 39], (100.0,)), ([29, 43, 33, 51, 31, 39], (100.0,)), ([60, 43, 33, 51, 31, 39], (100.0,))] overall_top3=[([67, 33, 42, 21, 61, 43], (84.0,), 1), ([67, 33, 42, 24, 61, 43], (87.0,), 3), ([62, 54, 69, 2, 27, 60], (100.0,), 1)]
gen=5 nevals=48 stats={'avg': np.float64(130.7), 'std': np.float64(32.481943702104196), 'min': np.float64(100.0), 'max': np.float64(200.0)} top3=[([60, 43, 33, 51, 31, 39], (100.0,)), ([57, 43, 33, 51, 31, 39], (100.0,)), ([60, 43, 33, 51, 31, 39], (100.0,))] overall_top3=[([67, 33, 42, 21, 61, 43], (84.0,), 1), ([67, 33, 42, 24, 61, 43], (87.0,), 3), ([62, 54, 69, 2, 27, 60], (100.0,), 1)]
gen=6 nevals=47 stats={'avg': np.float64(123.81666666666666), 'std': np.float64(32.659603828310935), 'min': np.float64(92.0), 'max': np.float64(200.0)} top3=[([67, 38, 69, 32, 31, 50], (92.0,)), ([27, 49, 60, 2, 69, 50], (98.0,)), ([62, 54, 0, 51, 69, 39], (98.0,))] overall_top3=[([67, 33, 42, 21, 61, 43], (84.0,), 1), ([67, 33, 42, 24, 61, 43], (87.0,), 3), ([67, 38, 69, 32, 31, 50], (92.0,), 6)]
gen=7 nevals=52 stats={'avg': np.float64(127.8), 'std': np.float64(36.66642424162283), 'min': np.float64(92.0), 'max': np.float64(200.0)} top3=[([67, 38, 69, 32, 31, 50], (92.0,)), ([67, 43, 33, 51, 31, 39], (98.0,)), ([62, 54, 0, 51, 69, 39], (98.0,))] overall_top3=[([67, 33, 42, 21, 61, 43], (84.0,), 1), ([67, 33, 42, 24, 61, 43], (87.0,), 3), ([67, 38, 69, 32, 31, 50], (92.0,), 6)]
gen=8 nevals=45 stats={'avg': np.float64(126.95), 'std': np.float64(36.10559744231726), 'min': np.float64(92.0), 'max': np.float64(200.0)} top3=[([67, 38, 69, 32, 31, 50], (92.0,)), ([67, 38, 69, 32, 31, 50], (92.0,)), ([67, 38, 64, 51, 31, 39], (93.0,))] overall_top3=[([67, 33, 42, 21, 61, 43], (84.0,), 1), ([67, 33, 42, 24, 61, 43], (87.0,), 3), ([67, 38, 69, 32, 31, 50], (92.0,), 6)]
gen=9 nevals=50 stats={'avg': np.float64(115.56666666666666), 'std': np.float64(29.476186245095473), 'min': np.float64(93.0), 'max': np.float64(200.0)} top3=[([67, 38, 64, 51, 31, 39], (93.0,)), ([27, 43, 33, 51, 34, 21], (98.0,)), ([27, 43, 33, 51, 34, 21], (98.0,))] overall_top3=[([67, 33, 42, 21, 61, 43], (84.0,), 1), ([67, 33, 42, 24, 61, 43], (87.0,), 3), ([67, 38, 69, 32, 31, 50], (92.0,), 6)]
gen=10 nevals=43 stats={'avg': np.float64(107.26666666666667), 'std': np.float64(19.659490216065002), 'min': np.float64(93.0), 'max': np.float64(200.0)} top3=[([67, 38, 64, 51, 31, 39], (93.0,)), ([62, 54, 33, 51, 69, 39], (96.0,)), ([67, 38, 64, 51, 69, 39], (97.0,))] overall_top3=[([67, 33, 42, 21, 61, 43], (84.0,), 1), ([67, 33, 42, 24, 61, 43], (87.0,), 3), ([67, 38, 69, 32, 31, 50], (92.0,), 6)]
gen=11 nevals=49 stats={'avg': np.float64(112.8), 'std': np.float64(25.750598698541623), 'min': np.float64(96.0), 'max': np.float64(200.0)} top3=[([62, 54, 33, 51, 69, 39], (96.0,)), ([67, 38, 64, 51, 34, 21], (96.0,)), ([62, 54, 33, 51, 69, 39], (96.0,))] overall_top3=[([67, 33, 42, 21, 61, 43], (84.0,), 1), ([67, 33, 42, 24, 61, 43], (87.0,), 3), ([67, 38, 69, 32, 31, 50], (92.0,), 6)]
gen=12 nevals=46 stats={'avg': np.float64(108.95), 'std': np.float64(21.672121108311785), 'min': np.float64(96.0), 'max': np.float64(200.0)} top3=[([62, 54, 33, 51, 69, 39], (96.0,)), ([62, 54, 33, 51, 69, 39], (96.0,)), ([62, 54, 33, 51, 69, 39], (96.0,))] overall_top3=[([67, 33, 42, 21, 61, 43], (84.0,), 1), ([67, 33, 42, 24, 61, 43], (87.0,), 3), ([67, 38, 69, 32, 31, 50], (92.0,), 6)]
gen=13 nevals=50 stats={'avg': np.float64(104.06666666666666), 'std': np.float64(13.84300866462522), 'min': np.float64(90.0), 'max': np.float64(179.0)} top3=[([67, 31, 33, 51, 69, 39], (90.0,)), ([62, 54, 33, 51, 69, 39], (96.0,)), ([62, 54, 33, 51, 69, 39], (96.0,))] overall_top3=[([67, 33, 42, 21, 61, 43], (84.0,), 1), ([67, 33, 42, 24, 61, 43], (87.0,), 3), ([67, 31, 33, 51, 69, 39], (90.0,), 13)]
gen=14 nevals=53 stats={'avg': np.float64(102.36666666666666), 'std': np.float64(18.706475408858353), 'min': np.float64(90.0), 'max': np.float64(198.0)} top3=[([67, 31, 33, 51, 69, 39], (90.0,)), ([67, 38, 64, 51, 31, 21], (90.0,)), ([67, 31, 33, 51, 69, 39], (90.0,))] overall_top3=[([67, 33, 42, 21, 61, 43], (84.0,), 1), ([67, 33, 42, 24, 61, 43], (87.0,), 3), ([67, 31, 33, 51, 69, 39], (90.0,), 13)]
gen=15 nevals=43 stats={'avg': np.float64(102.76666666666667), 'std': np.float64(22.77086344920241), 'min': np.float64(88.0), 'max': np.float64(200.0)} top3=[([67, 54, 33, 51, 69, 45], (88.0,)), ([67, 31, 33, 51, 69, 39], (90.0,)), ([67, 38, 64, 51, 31, 21], (90.0,))] overall_top3=[([67, 33, 42, 21, 61, 43], (84.0,), 1), ([67, 33, 42, 24, 61, 43], (87.0,), 3), ([67, 54, 33, 51, 69, 45], (88.0,), 15)]
gen=16 nevals=54 stats={'avg': np.float64(100.1), 'std': np.float64(20.29014539129772), 'min': np.float64(88.0), 'max': np.float64(200.0)} top3=[([67, 54, 33, 51, 69, 45], (88.0,)), ([67, 54, 33, 51, 69, 45], (88.0,)), ([67, 54, 33, 51, 69, 45], (88.0,))] overall_top3=[([67, 33, 42, 21, 61, 43], (84.0,), 1), ([67, 33, 42, 24, 61, 43], (87.0,), 3), ([67, 54, 33, 51, 69, 45], (88.0,), 15)]
gen=17 nevals=43 stats={'avg': np.float64(95.03333333333333), 'std': np.float64(12.999957264887025), 'min': np.float64(86.0), 'max': np.float64(160.0)} top3=[([67, 45, 33, 51, 69, 39], (86.0,)), ([67, 31, 33, 51, 69, 24], (87.0,)), ([67, 54, 33, 51, 69, 45], (88.0,))] overall_top3=[([67, 33, 42, 21, 61, 43], (84.0,), 1), ([67, 45, 33, 51, 69, 39], (86.0,), 17), ([67, 33, 42, 24, 61, 43], (87.0,), 3)]
gen=18 nevals=44 stats={'avg': np.float64(96.81666666666666), 'std': np.float64(19.422917448782563), 'min': np.float64(86.0), 'max': np.float64(200.0)} top3=[([67, 45, 33, 51, 69, 39], (86.0,)), ([67, 31, 33, 51, 69, 24], (87.0,)), ([67, 31, 33, 51, 69, 24], (87.0,))] overall_top3=[([67, 33, 42, 21, 61, 43], (84.0,), 1), ([67, 45, 33, 51, 69, 39], (86.0,), 17), ([67, 33, 42, 24, 61, 43], (87.0,), 3)]
gen=19 nevals=44 stats={'avg': np.float64(95.25), 'std': np.float64(17.028040599748014), 'min': np.float64(86.0), 'max': np.float64(200.0)} top3=[([67, 45, 33, 51, 69, 39], (86.0,)), ([67, 54, 33, 51, 69, 15], (86.0,)), ([67, 31, 33, 51, 69, 24], (87.0,))] overall_top3=[([67, 33, 42, 21, 61, 43], (84.0,), 1), ([67, 45, 33, 51, 69, 39], (86.0,), 17), ([67, 54, 33, 51, 69, 15], (86.0,), 19)]
gen=20 nevals=47 stats={'avg': np.float64(93.55), 'std': np.float64(19.219282851691773), 'min': np.float64(86.0), 'max': np.float64(200.0)} top3=[([67, 45, 33, 51, 69, 39], (86.0,)), ([67, 54, 33, 51, 69, 15], (86.0,)), ([67, 54, 33, 51, 69, 15], (86.0,))] overall_top3=[([67, 33, 42, 21, 61, 43], (84.0,), 1), ([67, 45, 33, 51, 69, 39], (86.0,), 17), ([67, 54, 33, 51, 69, 15], (86.0,), 19)]
gen=21 nevals=40 stats={'avg': np.float64(94.61666666666666), 'std': np.float64(21.2830853548592), 'min': np.float64(86.0), 'max': np.float64(200.0)} top3=[([67, 54, 33, 51, 69, 15], (86.0,)), ([67, 54, 33, 51, 69, 15], (86.0,)), ([67, 54, 33, 51, 69, 15], (86.0,))] overall_top3=[([67, 33, 42, 21, 61, 43], (84.0,), 1), ([67, 45, 33, 51, 69, 39], (86.0,), 17), ([67, 54, 33, 51, 69, 15], (86.0,), 19)]
gen=22 nevals=47 stats={'avg': np.float64(92.28333333333333), 'std': np.float64(10.150684158660878), 'min': np.float64(86.0), 'max': np.float64(133.0)} top3=[([67, 45, 33, 51, 69, 39], (86.0,)), ([67, 54, 33, 51, 69, 15], (86.0,)), ([67, 54, 33, 51, 69, 15], (86.0,))] overall_top3=[([67, 33, 42, 21, 61, 43], (84.0,), 1), ([67, 45, 33, 51, 69, 39], (86.0,), 17), ([67, 54, 33, 51, 69, 15], (86.0,), 19)]
gen=23 nevals=49 stats={'avg': np.float64(97.7), 'std': np.float64(27.49442367705374), 'min': np.float64(86.0), 'max': np.float64(200.0)} top3=[([67, 54, 33, 51, 69, 15], (86.0,)), ([67, 45, 33, 51, 69, 39], (86.0,)), ([67, 54, 33, 51, 69, 15], (86.0,))] overall_top3=[([67, 33, 42, 21, 61, 43], (84.0,), 1), ([67, 45, 33, 51, 69, 39], (86.0,), 17), ([67, 54, 33, 51, 69, 15], (86.0,), 19)]
gen=24 nevals=49 stats={'avg': np.float64(95.16666666666667), 'std': np.float64(15.65904069716774), 'min': np.float64(86.0), 'max': np.float64(155.0)} top3=[([67, 54, 33, 51, 69, 15], (86.0,)), ([67, 45, 33, 51, 69, 39], (86.0,)), ([67, 54, 33, 51, 69, 15], (86.0,))] overall_top3=[([67, 33, 42, 21, 61, 43], (84.0,), 1), ([67, 45, 33, 51, 69, 39], (86.0,), 17), ([67, 54, 33, 51, 69, 15], (86.0,), 19)]
gen=25 nevals=52 stats={'avg': np.float64(103.05), 'std': np.float64(34.215700587108635), 'min': np.float64(86.0), 'max': np.float64(200.0)} top3=[([67, 54, 33, 51, 69, 15], (86.0,)), ([67, 54, 33, 51, 69, 15], (86.0,)), ([67, 54, 33, 51, 69, 15], (86.0,))] overall_top3=[([67, 33, 42, 21, 61, 43], (84.0,), 1), ([67, 45, 33, 51, 69, 39], (86.0,), 17), ([67, 54, 33, 51, 69, 15], (86.0,), 19)]
gen=26 nevals=44 stats={'avg': np.float64(94.15), 'std': np.float64(24.997216511710526), 'min': np.float64(85.0), 'max': np.float64(200.0)} top3=[([67, 54, 33, 47, 69, 15], (85.0,)), ([67, 54, 33, 51, 69, 15], (86.0,)), ([67, 54, 33, 51, 69, 15], (86.0,))] overall_top3=[([67, 33, 42, 21, 61, 43], (84.0,), 1), ([67, 54, 33, 47, 69, 15], (85.0,), 26), ([67, 45, 33, 51, 69, 39], (86.0,), 17)]
gen=27 nevals=52 stats={'avg': np.float64(97.6), 'std': np.float64(30.903182144670257), 'min': np.float64(85.0), 'max': np.float64(201.0)} top3=[([67, 54, 33, 47, 69, 15], (85.0,)), ([67, 54, 33, 47, 69, 15], (85.0,)), ([67, 54, 33, 47, 69, 15], (85.0,))] overall_top3=[([67, 33, 42, 21, 61, 43], (84.0,), 1), ([67, 54, 33, 47, 69, 15], (85.0,), 26), ([67, 45, 33, 51, 69, 39], (86.0,), 17)]
gen=28 nevals=51 stats={'avg': np.float64(96.53333333333333), 'std': np.float64(29.81356887205705), 'min': np.float64(84.0), 'max': np.float64(200.0)} top3=[([67, 54, 2, 51, 69, 15], (84.0,)), ([67, 54, 33, 47, 69, 15], (85.0,)), ([67, 54, 33, 47, 69, 15], (85.0,))] overall_top3=[([67, 33, 42, 21, 61, 43], (84.0,), 1), ([67, 54, 2, 51, 69, 15], (84.0,), 28), ([67, 54, 33, 47, 69, 15], (85.0,), 26)]
gen=29 nevals=44 stats={'avg': np.float64(93.38333333333334), 'std': np.float64(26.331914518739843), 'min': np.float64(84.0), 'max': np.float64(200.0)} top3=[([67, 54, 2, 51, 69, 15], (84.0,)), ([67, 54, 33, 47, 69, 15], (85.0,)), ([67, 54, 33, 47, 69, 15], (85.0,))] overall_top3=[([67, 33, 42, 21, 61, 43], (84.0,), 1), ([67, 54, 2, 51, 69, 15], (84.0,), 28), ([67, 54, 33, 47, 69, 15], (85.0,), 26)]
gen=30 nevals=39 stats={'avg': np.float64(88.25), 'std': np.float64(13.250943362644035), 'min': np.float64(84.0), 'max': np.float64(164.0)} top3=[([67, 54, 2, 51, 69, 15], (84.0,)), ([67, 54, 2, 51, 69, 15], (84.0,)), ([67, 54, 2, 51, 69, 15], (84.0,))] overall_top3=[([67, 33, 42, 21, 61, 43], (84.0,), 1), ([67, 54, 2, 51, 69, 15], (84.0,), 28), ([67, 54, 33, 47, 69, 15], (85.0,), 26)]
gen=31 nevals=47 stats={'avg': np.float64(89.98333333333333), 'std': np.float64(19.603138920988023), 'min': np.float64(84.0), 'max': np.float64(200.0)} top3=[([67, 54, 2, 51, 69, 15], (84.0,)), ([67, 54, 2, 47, 69, 15], (84.0,)), ([67, 54, 2, 51, 69, 15], (84.0,))] overall_top3=[([67, 33, 42, 21, 61, 43], (84.0,), 1), ([67, 54, 2, 51, 69, 15], (84.0,), 28), ([67, 54, 2, 47, 69, 15], (84.0,), 31)]
gen=32 nevals=51 stats={'avg': np.float64(89.53333333333333), 'std': np.float64(18.34708575102748), 'min': np.float64(84.0), 'max': np.float64(169.0)} top3=[([67, 54, 2, 51, 69, 15], (84.0,)), ([67, 54, 2, 51, 69, 15], (84.0,)), ([67, 54, 2, 47, 69, 15], (84.0,))] overall_top3=[([67, 33, 42, 21, 61, 43], (84.0,), 1), ([67, 54, 2, 51, 69, 15], (84.0,), 28), ([67, 54, 2, 47, 69, 15], (84.0,), 31)]
gen=33 nevals=45 stats={'avg': np.float64(90.53333333333333), 'std': np.float64(20.884975992857218), 'min': np.float64(84.0), 'max': np.float64(189.0)} top3=[([67, 54, 2, 51, 69, 15], (84.0,)), ([67, 54, 2, 47, 69, 15], (84.0,)), ([67, 54, 2, 51, 69, 15], (84.0,))] overall_top3=[([67, 33, 42, 21, 61, 43], (84.0,), 1), ([67, 54, 2, 51, 69, 15], (84.0,), 28), ([67, 54, 2, 47, 69, 15], (84.0,), 31)]
gen=34 nevals=46 stats={'avg': np.float64(91.03333333333333), 'std': np.float64(24.397381462407438), 'min': np.float64(84.0), 'max': np.float64(200.0)} top3=[([67, 54, 2, 51, 69, 15], (84.0,)), ([67, 54, 2, 51, 69, 15], (84.0,)), ([67, 54, 2, 47, 69, 15], (84.0,))] overall_top3=[([67, 33, 42, 21, 61, 43], (84.0,), 1), ([67, 54, 2, 51, 69, 15], (84.0,), 28), ([67, 54, 2, 47, 69, 15], (84.0,), 31)]
gen=35 nevals=42 stats={'avg': np.float64(89.33333333333333), 'std': np.float64(18.35180887239427), 'min': np.float64(84.0), 'max': np.float64(170.0)} top3=[([67, 54, 2, 51, 69, 15], (84.0,)), ([67, 54, 2, 47, 69, 15], (84.0,)), ([67, 54, 2, 51, 69, 15], (84.0,))] overall_top3=[([67, 33, 42, 21, 61, 43], (84.0,), 1), ([67, 54, 2, 51, 69, 15], (84.0,), 28), ([67, 54, 2, 47, 69, 15], (84.0,), 31)]
gen=36 nevals=49 stats={'avg': np.float64(87.43333333333334), 'std': np.float64(18.503483155581524), 'min': np.float64(84.0), 'max': np.float64(191.0)} top3=[([67, 54, 2, 51, 69, 15], (84.0,)), ([67, 54, 2, 47, 69, 15], (84.0,)), ([67, 54, 2, 47, 69, 15], (84.0,))] overall_top3=[([67, 33, 42, 21, 61, 43], (84.0,), 1), ([67, 54, 2, 51, 69, 15], (84.0,), 28), ([67, 54, 2, 47, 69, 15], (84.0,), 31)]
gen=37 nevals=54 stats={'avg': np.float64(85.78333333333333), 'std': np.float64(8.780834559172353), 'min': np.float64(84.0), 'max': np.float64(135.0)} top3=[([67, 54, 2, 47, 69, 15], (84.0,)), ([67, 54, 2, 47, 69, 15], (84.0,)), ([67, 54, 2, 47, 69, 15], (84.0,))] overall_top3=[([67, 33, 42, 21, 61, 43], (84.0,), 1), ([67, 54, 2, 51, 69, 15], (84.0,), 28), ([67, 54, 2, 47, 69, 15], (84.0,), 31)]
gen=38 nevals=48 stats={'avg': np.float64(92.18333333333334), 'std': np.float64(25.988774286004503), 'min': np.float64(84.0), 'max': np.float64(200.0)} top3=[([67, 54, 2, 47, 69, 15], (84.0,)), ([67, 54, 2, 51, 69, 15], (84.0,)), ([67, 54, 2, 47, 69, 15], (84.0,))] overall_top3=[([67, 33, 42, 21, 61, 43], (84.0,), 1), ([67, 54, 2, 51, 69, 15], (84.0,), 28), ([67, 54, 2, 47, 69, 15], (84.0,), 31)]
gen=39 nevals=50 stats={'avg': np.float64(92.25), 'std': np.float64(26.366408553308887), 'min': np.float64(84.0), 'max': np.float64(200.0)} top3=[([67, 54, 2, 47, 69, 15], (84.0,)), ([67, 54, 2, 47, 69, 15], (84.0,)), ([67, 54, 2, 51, 69, 15], (84.0,))] overall_top3=[([67, 33, 42, 21, 61, 43], (84.0,), 1), ([67, 54, 2, 51, 69, 15], (84.0,), 28), ([67, 54, 2, 47, 69, 15], (84.0,), 31)]
gen=40 nevals=39 stats={'avg': np.float64(90.21666666666667), 'std': np.float64(23.153179527274915), 'min': np.float64(84.0), 'max': np.float64(200.0)} top3=[([67, 54, 2, 47, 69, 15], (84.0,)), ([67, 54, 2, 51, 69, 15], (84.0,)), ([67, 54, 2, 47, 69, 15], (84.0,))] overall_top3=[([67, 33, 42, 21, 61, 43], (84.0,), 1), ([67, 54, 2, 51, 69, 15], (84.0,), 28), ([67, 54, 2, 47, 69, 15], (84.0,), 31)]
gen=41 nevals=51 stats={'avg': np.float64(91.35), 'std': np.float64(23.74996491225478), 'min': np.float64(82.0), 'max': np.float64(200.0)} top3=[([67, 54, 5, 47, 69, 15], (82.0,)), ([67, 54, 2, 47, 69, 15], (84.0,)), ([67, 54, 2, 47, 69, 15], (84.0,))] overall_top3=[([67, 54, 5, 47, 69, 15], (82.0,), 41), ([67, 33, 42, 21, 61, 43], (84.0,), 1), ([67, 54, 2, 51, 69, 15], (84.0,), 28)]
gen=42 nevals=48 stats={'avg': np.float64(87.95), 'std': np.float64(18.75226652967582), 'min': np.float64(82.0), 'max': np.float64(200.0)} top3=[([67, 54, 5, 47, 69, 15], (82.0,)), ([67, 54, 2, 47, 69, 63], (83.0,)), ([67, 54, 2, 47, 69, 18], (83.0,))] overall_top3=[([67, 54, 5, 47, 69, 15], (82.0,), 41), ([67, 54, 2, 47, 69, 63], (83.0,), 42), ([67, 54, 2, 47, 69, 18], (83.0,), 42)]
gen=43 nevals=43 stats={'avg': np.float64(95.01666666666667), 'std': np.float64(31.82896566895562), 'min': np.float64(82.0), 'max': np.float64(200.0)} top3=[([67, 54, 5, 47, 69, 15], (82.0,)), ([67, 54, 5, 47, 69, 15], (82.0,)), ([67, 54, 5, 47, 69, 15], (82.0,))] overall_top3=[([67, 54, 5, 47, 69, 15], (82.0,), 41), ([67, 54, 2, 47, 69, 63], (83.0,), 42), ([67, 54, 2, 47, 69, 18], (83.0,), 42)]
gen=44 nevals=45 stats={'avg': np.float64(86.46666666666667), 'std': np.float64(13.98030360503265), 'min': np.float64(82.0), 'max': np.float64(185.0)} top3=[([67, 54, 5, 47, 69, 15], (82.0,)), ([67, 54, 5, 47, 69, 15], (82.0,)), ([67, 54, 5, 47, 69, 15], (82.0,))] overall_top3=[([67, 54, 5, 47, 69, 15], (82.0,), 41), ([67, 54, 2, 47, 69, 63], (83.0,), 42), ([67, 54, 2, 47, 69, 18], (83.0,), 42)]
gen=45 nevals=46 stats={'avg': np.float64(85.6), 'std': np.float64(13.968058800945341), 'min': np.float64(81.0), 'max': np.float64(189.0)} top3=[([67, 54, 5, 47, 69, 63], (81.0,)), ([67, 54, 5, 47, 69, 15], (82.0,)), ([67, 54, 5, 47, 69, 15], (82.0,))] overall_top3=[([67, 54, 5, 47, 69, 63], (81.0,), 45), ([67, 54, 5, 47, 69, 15], (82.0,), 41), ([67, 54, 2, 47, 69, 63], (83.0,), 42)]
gen=46 nevals=52 stats={'avg': np.float64(86.21666666666667), 'std': np.float64(17.26179950706826), 'min': np.float64(81.0), 'max': np.float64(200.0)} top3=[([67, 54, 5, 47, 69, 63], (81.0,)), ([67, 54, 5, 47, 69, 63], (81.0,)), ([67, 54, 5, 47, 69, 63], (81.0,))] overall_top3=[([67, 54, 5, 47, 69, 63], (81.0,), 45), ([67, 54, 5, 47, 69, 15], (82.0,), 41), ([67, 54, 2, 47, 69, 63], (83.0,), 42)]
gen=47 nevals=44 stats={'avg': np.float64(85.86666666666666), 'std': np.float64(19.974539349437375), 'min': np.float64(81.0), 'max': np.float64(200.0)} top3=[([67, 54, 5, 47, 69, 63], (81.0,)), ([67, 54, 5, 47, 69, 63], (81.0,)), ([67, 54, 5, 47, 69, 63], (81.0,))] overall_top3=[([67, 54, 5, 47, 69, 63], (81.0,), 45), ([67, 54, 5, 47, 69, 15], (82.0,), 41), ([67, 54, 2, 47, 69, 63], (83.0,), 42)]
gen=48 nevals=51 stats={'avg': np.float64(89.15), 'std': np.float64(25.485175429387702), 'min': np.float64(81.0), 'max': np.float64(200.0)} top3=[([67, 54, 5, 47, 69, 63], (81.0,)), ([67, 54, 5, 47, 69, 63], (81.0,)), ([67, 54, 5, 47, 69, 63], (81.0,))] overall_top3=[([67, 54, 5, 47, 69, 63], (81.0,), 45), ([67, 54, 5, 47, 69, 15], (82.0,), 41), ([67, 54, 2, 47, 69, 63], (83.0,), 42)]
gen=49 nevals=50 stats={'avg': np.float64(89.55), 'std': np.float64(27.510861491418257), 'min': np.float64(81.0), 'max': np.float64(200.0)} top3=[([67, 54, 5, 47, 69, 63], (81.0,)), ([67, 54, 5, 47, 69, 63], (81.0,)), ([67, 54, 5, 47, 69, 63], (81.0,))] overall_top3=[([67, 54, 5, 47, 69, 63], (81.0,), 45), ([67, 54, 5, 47, 69, 15], (82.0,), 41), ([67, 54, 2, 47, 69, 63], (83.0,), 42)]
gen=50 nevals=47 stats={'avg': np.float64(82.35), 'std': np.float64(6.6277824345704035), 'min': np.float64(81.0), 'max': np.float64(118.0)} top3=[([67, 54, 5, 47, 69, 63], (81.0,)), ([67, 54, 5, 47, 69, 63], (81.0,)), ([67, 54, 5, 47, 69, 63], (81.0,))] overall_top3=[([67, 54, 5, 47, 69, 63], (81.0,), 45), ([67, 54, 5, 47, 69, 15], (82.0,), 41), ([67, 54, 2, 47, 69, 63], (83.0,), 42)]

gen=51 nevals=50 stats={'avg': np.float64(86.25), 'std': np.float64(15.118008025750836), 'min': np.float64(81.0), 'max': np.float64(158.0)} top3=[([67, 54, 5, 47, 69, 63], (81.0,)), ([67, 54, 5, 47, 69, 63], (81.0,)), ([67, 54, 5, 47, 69, 63], (81.0,))] overall_top3=[([67, 54, 5, 47, 69, 63], (81.0,), 45), ([67, 54, 5, 47, 69, 15], (82.0,), 41), ([67, 54, 2, 47, 69, 63], (83.0,), 42)]
gen=52 nevals=56 stats={'avg': np.float64(82.83333333333333), 'std': np.float64(7.84892066182068), 'min': np.float64(81.0), 'max': np.float64(132.0)} top3=[([67, 54, 5, 47, 69, 63], (81.0,)), ([67, 54, 5, 47, 69, 63], (81.0,)), ([67, 54, 5, 47, 69, 63], (81.0,))] overall_top3=[([67, 54, 5, 47, 69, 63], (81.0,), 45), ([67, 54, 5, 47, 69, 15], (82.0,), 41), ([67, 54, 2, 47, 69, 63], (83.0,), 42)]
gen=53 nevals=53 stats={'avg': np.float64(86.5), 'std': np.float64(22.092608115234682), 'min': np.float64(81.0), 'max': np.float64(200.0)} top3=[([67, 54, 5, 47, 69, 63], (81.0,)), ([67, 54, 5, 47, 69, 63], (81.0,)), ([67, 54, 5, 47, 69, 63], (81.0,))] overall_top3=[([67, 54, 5, 47, 69, 63], (81.0,), 45), ([67, 54, 5, 47, 69, 15], (82.0,), 41), ([67, 54, 2, 47, 69, 63], (83.0,), 42)]
gen=54 nevals=45 stats={'avg': np.float64(87.48333333333333), 'std': np.float64(23.60684340515596), 'min': np.float64(81.0), 'max': np.float64(200.0)} top3=[([67, 54, 5, 47, 69, 63], (81.0,)), ([67, 54, 5, 47, 69, 63], (81.0,)), ([67, 54, 5, 47, 69, 63], (81.0,))] overall_top3=[([67, 54, 5, 47, 69, 63], (81.0,), 45), ([67, 54, 5, 47, 69, 15], (82.0,), 41), ([67, 54, 2, 47, 69, 63], (83.0,), 42)]
gen=55 nevals=53 stats={'avg': np.float64(84.08333333333333), 'std': np.float64(12.818335392016479), 'min': np.float64(81.0), 'max': np.float64(148.0)} top3=[([67, 54, 5, 47, 69, 63], (81.0,)), ([67, 54, 5, 47, 69, 63], (81.0,)), ([67, 54, 5, 47, 69, 63], (81.0,))] overall_top3=[([67, 54, 5, 47, 69, 63], (81.0,), 45), ([67, 54, 5, 47, 69, 15], (82.0,), 41), ([67, 54, 2, 47, 69, 63], (83.0,), 42)]
gen=56 nevals=43 stats={'avg': np.float64(90.8), 'std': np.float64(30.46079447420897), 'min': np.float64(81.0), 'max': np.float64(200.0)} top3=[([67, 54, 5, 47, 69, 63], (81.0,)), ([67, 54, 5, 47, 69, 63], (81.0,)), ([67, 54, 5, 47, 69, 63], (81.0,))] overall_top3=[([67, 54, 5, 47, 69, 63], (81.0,), 45), ([67, 54, 5, 47, 69, 15], (82.0,), 41), ([67, 54, 2, 47, 69, 63], (83.0,), 42)]
gen=57 nevals=45 stats={'avg': np.float64(83.68333333333334), 'std': np.float64(15.22223337388075), 'min': np.float64(81.0), 'max': np.float64(198.0)} top3=[([67, 54, 5, 47, 69, 63], (81.0,)), ([67, 54, 5, 47, 69, 63], (81.0,)), ([67, 54, 5, 47, 69, 63], (81.0,))] overall_top3=[([67, 54, 5, 47, 69, 63], (81.0,), 45), ([67, 54, 5, 47, 69, 15], (82.0,), 41), ([67, 54, 2, 47, 69, 63], (83.0,), 42)]
gen=58 nevals=48 stats={'avg': np.float64(83.11666666666666), 'std': np.float64(10.988011143463995), 'min': np.float64(81.0), 'max': np.float64(160.0)} top3=[([67, 54, 5, 47, 69, 63], (81.0,)), ([67, 54, 5, 47, 69, 63], (81.0,)), ([67, 54, 5, 47, 69, 63], (81.0,))] overall_top3=[([67, 54, 5, 47, 69, 63], (81.0,), 45), ([67, 54, 5, 47, 69, 15], (82.0,), 41), ([67, 54, 2, 47, 69, 63], (83.0,), 42)]
gen=59 nevals=41 stats={'avg': np.float64(83.85), 'std': np.float64(16.52152636209298), 'min': np.float64(81.0), 'max': np.float64(200.0)} top3=[([67, 54, 5, 47, 69, 63], (81.0,)), ([67, 54, 5, 47, 69, 63], (81.0,)), ([67, 54, 5, 47, 69, 63], (81.0,))] overall_top3=[([67, 54, 5, 47, 69, 63], (81.0,), 45), ([67, 54, 5, 47, 69, 15], (82.0,), 41), ([67, 54, 2, 47, 69, 63], (83.0,), 42)]
gen=60 nevals=45 stats={'avg': np.float64(81.0), 'std': np.float64(0.0), 'min': np.float64(81.0), 'max': np.float64(81.0)} top3=[([67, 54, 5, 47, 69, 63], (81.0,)), ([67, 54, 5, 47, 69, 63], (81.0,)), ([67, 54, 5, 47, 69, 63], (81.0,))] overall_top3=[([67, 54, 5, 47, 69, 63], (81.0,), 45), ([67, 54, 5, 47, 69, 15], (82.0,), 41), ([67, 54, 2, 47, 69, 63], (83.0,), 42)]
gen=61 nevals=44 stats={'avg': np.float64(81.0), 'std': np.float64(0.0), 'min': np.float64(81.0), 'max': np.float64(81.0)} top3=[([67, 54, 5, 47, 69, 63], (81.0,)), ([67, 54, 5, 47, 69, 63], (81.0,)), ([67, 54, 5, 47, 69, 63], (81.0,))] overall_top3=[([67, 54, 5, 47, 69, 63], (81.0,), 45), ([67, 54, 5, 47, 69, 15], (82.0,), 41), ([67, 54, 2, 47, 69, 63], (83.0,), 42)]
gen=62 nevals=42 stats={'avg': np.float64(84.01666666666667), 'std': np.float64(11.279024287982043), 'min': np.float64(81.0), 'max': np.float64(153.0)} top3=[([67, 54, 5, 47, 69, 63], (81.0,)), ([67, 54, 5, 47, 69, 63], (81.0,)), ([67, 54, 5, 47, 69, 63], (81.0,))] overall_top3=[([67, 54, 5, 47, 69, 63], (81.0,), 45), ([67, 54, 5, 47, 69, 15], (82.0,), 41), ([67, 54, 2, 47, 69, 63], (83.0,), 42)]
gen=63 nevals=53 stats={'avg': np.float64(85.4), 'std': np.float64(16.871277367170514), 'min': np.float64(81.0), 'max': np.float64(200.0)} top3=[([67, 54, 5, 47, 69, 63], (81.0,)), ([67, 54, 5, 47, 69, 63], (81.0,)), ([67, 54, 5, 47, 69, 63], (81.0,))] overall_top3=[([67, 54, 5, 47, 69, 63], (81.0,), 45), ([67, 54, 5, 47, 69, 15], (82.0,), 41), ([67, 54, 2, 47, 69, 63], (83.0,), 42)]
gen=64 nevals=42 stats={'avg': np.float64(86.1), 'std': np.float64(18.687518115933244), 'min': np.float64(81.0), 'max': np.float64(200.0)} top3=[([67, 54, 5, 47, 69, 63], (81.0,)), ([67, 54, 5, 47, 69, 63], (81.0,)), ([67, 54, 5, 47, 69, 63], (81.0,))] overall_top3=[([67, 54, 5, 47, 69, 63], (81.0,), 45), ([67, 54, 5, 47, 69, 15], (82.0,), 41), ([67, 54, 2, 47, 69, 63], (83.0,), 42)]
gen=65 nevals=47 stats={'avg': np.float64(83.38333333333334), 'std': np.float64(9.316815741204477), 'min': np.float64(81.0), 'max': np.float64(135.0)} top3=[([67, 59, 5, 47, 69, 63], (81.0,)), ([67, 54, 5, 47, 69, 63], (81.0,)), ([67, 54, 5, 47, 69, 63], (81.0,))] overall_top3=[([67, 54, 5, 47, 69, 63], (81.0,), 45), ([67, 59, 5, 47, 69, 63], (81.0,), 65), ([67, 54, 5, 47, 69, 15], (82.0,), 41)]
gen=66 nevals=52 stats={'avg': np.float64(85.9), 'std': np.float64(18.162874221884596), 'min': np.float64(81.0), 'max': np.float64(198.0)} top3=[([67, 54, 5, 47, 69, 63], (81.0,)), ([67, 54, 5, 47, 69, 63], (81.0,)), ([67, 54, 5, 47, 69, 63], (81.0,))] overall_top3=[([67, 54, 5, 47, 69, 63], (81.0,), 45), ([67, 59, 5, 47, 69, 63], (81.0,), 65), ([67, 54, 5, 47, 69, 15], (82.0,), 41)]
gen=67 nevals=49 stats={'avg': np.float64(85.06666666666666), 'std': np.float64(15.276197898110059), 'min': np.float64(81.0), 'max': np.float64(157.0)} top3=[([67, 54, 5, 47, 69, 63], (81.0,)), ([67, 54, 5, 47, 69, 63], (81.0,)), ([67, 54, 5, 47, 69, 63], (81.0,))] overall_top3=[([67, 54, 5, 47, 69, 63], (81.0,), 45), ([67, 59, 5, 47, 69, 63], (81.0,), 65), ([67, 54, 5, 47, 69, 15], (82.0,), 41)]
gen=68 nevals=49 stats={'avg': np.float64(81.36666666666666), 'std': np.float64(2.6892791268706606), 'min': np.float64(81.0), 'max': np.float64(102.0)} top3=[([67, 54, 5, 47, 69, 63], (81.0,)), ([67, 54, 5, 47, 69, 63], (81.0,)), ([67, 54, 5, 47, 69, 63], (81.0,))] overall_top3=[([67, 54, 5, 47, 69, 63], (81.0,), 45), ([67, 59, 5, 47, 69, 63], (81.0,), 65), ([67, 54, 5, 47, 69, 15], (82.0,), 41)]
gen=69 nevals=48 stats={'avg': np.float64(82.8), 'std': np.float64(9.240851331632456), 'min': np.float64(81.0), 'max': np.float64(148.0)} top3=[([67, 54, 5, 47, 69, 63], (81.0,)), ([67, 54, 5, 47, 69, 63], (81.0,)), ([67, 54, 5, 47, 69, 63], (81.0,))] overall_top3=[([67, 54, 5, 47, 69, 63], (81.0,), 45), ([67, 59, 5, 47, 69, 63], (81.0,), 65), ([67, 54, 5, 47, 69, 15], (82.0,), 41)]
gen=70 nevals=49 stats={'avg': np.float64(87.71666666666667), 'std': np.float64(24.10054748110277), 'min': np.float64(81.0), 'max': np.float64(200.0)} top3=[([67, 54, 5, 47, 69, 63], (81.0,)), ([67, 54, 5, 47, 69, 63], (81.0,)), ([67, 54, 5, 47, 69, 63], (81.0,))] overall_top3=[([67, 54, 5, 47, 69, 63], (81.0,), 45), ([67, 59, 5, 47, 69, 63], (81.0,), 65), ([67, 54, 5, 47, 69, 15], (82.0,), 41)]
gen=71 nevals=46 stats={'avg': np.float64(88.26666666666667), 'std': np.float64(22.169699040707695), 'min': np.float64(81.0), 'max': np.float64(200.0)} top3=[([67, 54, 5, 47, 69, 63], (81.0,)), ([67, 54, 5, 47, 69, 63], (81.0,)), ([67, 54, 5, 47, 69, 63], (81.0,))] overall_top3=[([67, 54, 5, 47, 69, 63], (81.0,), 45), ([67, 59, 5, 47, 69, 63], (81.0,), 65), ([67, 54, 5, 47, 69, 15], (82.0,), 41)]
gen=72 nevals=39 stats={'avg': np.float64(83.06666666666666), 'std': np.float64(15.236870486494995), 'min': np.float64(81.0), 'max': np.float64(200.0)} top3=[([67, 54, 5, 47, 69, 63], (81.0,)), ([64, 54, 5, 47, 69, 63], (81.0,)), ([67, 54, 5, 47, 69, 63], (81.0,))] overall_top3=[([67, 54, 5, 47, 69, 63], (81.0,), 45), ([67, 59, 5, 47, 69, 63], (81.0,), 65), ([64, 54, 5, 47, 69, 63], (81.0,), 72)]
gen=73 nevals=48 stats={'avg': np.float64(81.98333333333333), 'std': np.float64(7.297240726618673), 'min': np.float64(81.0), 'max': np.float64(138.0)} top3=[([64, 54, 5, 47, 69, 63], (81.0,)), ([67, 54, 5, 47, 69, 63], (81.0,)), ([67, 54, 5, 47, 69, 63], (81.0,))] overall_top3=[([67, 54, 5, 47, 69, 63], (81.0,), 45), ([67, 59, 5, 47, 69, 63], (81.0,), 65), ([64, 54, 5, 47, 69, 63], (81.0,), 72)]
gen=74 nevals=51 stats={'avg': np.float64(82.78333333333333), 'std': np.float64(6.851013712501888), 'min': np.float64(81.0), 'max': np.float64(118.0)} top3=[([67, 54, 5, 47, 69, 63], (81.0,)), ([67, 54, 5, 47, 69, 63], (81.0,)), ([67, 54, 5, 47, 69, 63], (81.0,))] overall_top3=[([67, 54, 5, 47, 69, 63], (81.0,), 45), ([67, 59, 5, 47, 69, 63], (81.0,), 65), ([64, 54, 5, 47, 69, 63], (81.0,), 72)]
gen=75 nevals=51 stats={'avg': np.float64(82.63333333333334), 'std': np.float64(8.060121311466444), 'min': np.float64(81.0), 'max': np.float64(133.0)} top3=[([67, 54, 5, 47, 69, 63], (81.0,)), ([67, 54, 5, 47, 69, 63], (81.0,)), ([67, 54, 5, 47, 69, 63], (81.0,))] overall_top3=[([67, 54, 5, 47, 69, 63], (81.0,), 45), ([67, 59, 5, 47, 69, 63], (81.0,), 65), ([64, 54, 5, 47, 69, 63], (81.0,), 72)]
gen=76 nevals=48 stats={'avg': np.float64(86.16666666666667), 'std': np.float64(14.574139959378584), 'min': np.float64(81.0), 'max': np.float64(148.0)} top3=[([64, 54, 5, 47, 69, 63], (81.0,)), ([64, 54, 5, 47, 69, 63], (81.0,)), ([67, 54, 5, 47, 69, 63], (81.0,))] overall_top3=[([67, 54, 5, 47, 69, 63], (81.0,), 45), ([67, 59, 5, 47, 69, 63], (81.0,), 65), ([64, 54, 5, 47, 69, 63], (81.0,), 72)]
gen=77 nevals=49 stats={'avg': np.float64(87.13333333333334), 'std': np.float64(23.102284639306898), 'min': np.float64(81.0), 'max': np.float64(200.0)} top3=[([67, 54, 5, 47, 69, 63], (81.0,)), ([67, 54, 5, 47, 69, 63], (81.0,)), ([67, 54, 5, 47, 69, 63], (81.0,))] overall_top3=[([67, 54, 5, 47, 69, 63], (81.0,), 45), ([67, 59, 5, 47, 69, 63], (81.0,), 65), ([64, 54, 5, 47, 69, 63], (81.0,), 72)]
gen=78 nevals=46 stats={'avg': np.float64(85.5), 'std': np.float64(17.782482016486526), 'min': np.float64(81.0), 'max': np.float64(200.0)} top3=[([67, 54, 5, 47, 69, 63], (81.0,)), ([67, 54, 5, 47, 69, 63], (81.0,)), ([64, 54, 5, 47, 69, 63], (81.0,))] overall_top3=[([67, 54, 5, 47, 69, 63], (81.0,), 45), ([67, 59, 5, 47, 69, 63], (81.0,), 65), ([64, 54, 5, 47, 69, 63], (81.0,), 72)]
gen=79 nevals=53 stats={'avg': np.float64(81.63333333333334), 'std': np.float64(4.864725640316785), 'min': np.float64(81.0), 'max': np.float64(119.0)} top3=[([67, 54, 5, 47, 69, 63], (81.0,)), ([67, 54, 5, 47, 69, 63], (81.0,)), ([67, 54, 5, 47, 69, 63], (81.0,))] overall_top3=[([67, 54, 5, 47, 69, 63], (81.0,), 45), ([67, 59, 5, 47, 69, 63], (81.0,), 65), ([64, 54, 5, 47, 69, 63], (81.0,), 72)]
gen=80 nevals=45 stats={'avg': np.float64(83.63333333333334), 'std': np.float64(15.911177063798757), 'min': np.float64(81.0), 'max': np.float64(200.0)} top3=[([64, 54, 5, 47, 69, 63], (81.0,)), ([67, 54, 5, 47, 69, 63], (81.0,)), ([67, 54, 5, 47, 69, 63], (81.0,))] overall_top3=[([67, 54, 5, 47, 69, 63], (81.0,), 45), ([67, 59, 5, 47, 69, 63], (81.0,), 65), ([64, 54, 5, 47, 69, 63], (81.0,), 72)]
gen=81 nevals=41 stats={'avg': np.float64(85.61666666666666), 'std': np.float64(13.639515713136184), 'min': np.float64(81.0), 'max': np.float64(153.0)} top3=[([67, 54, 5, 47, 69, 63], (81.0,)), ([67, 54, 5, 47, 69, 63], (81.0,)), ([67, 54, 5, 47, 69, 63], (81.0,))] overall_top3=[([67, 54, 5, 47, 69, 63], (81.0,), 45), ([67, 59, 5, 47, 69, 63], (81.0,), 65), ([64, 54, 5, 47, 69, 63], (81.0,), 72)]
gen=82 nevals=44 stats={'avg': np.float64(85.96666666666667), 'std': np.float64(18.140164154592306), 'min': np.float64(81.0), 'max': np.float64(197.0)} top3=[([67, 54, 5, 47, 69, 63], (81.0,)), ([67, 54, 5, 47, 69, 63], (81.0,)), ([67, 54, 5, 47, 69, 63], (81.0,))] overall_top3=[([67, 54, 5, 47, 69, 63], (81.0,), 45), ([67, 59, 5, 47, 69, 63], (81.0,), 65), ([64, 54, 5, 47, 69, 63], (81.0,), 72)]
gen=83 nevals=49 stats={'avg': np.float64(81.8), 'std': np.float64(5.2908726438398945), 'min': np.float64(81.0), 'max': np.float64(122.0)} top3=[([67, 54, 5, 47, 69, 63], (81.0,)), ([67, 54, 5, 47, 69, 63], (81.0,)), ([67, 54, 5, 47, 69, 63], (81.0,))] overall_top3=[([67, 54, 5, 47, 69, 63], (81.0,), 45), ([67, 59, 5, 47, 69, 63], (81.0,), 65), ([64, 54, 5, 47, 69, 63], (81.0,), 72)]
gen=84 nevals=43 stats={'avg': np.float64(81.61666666666666), 'std': np.float64(4.7367065445189755), 'min': np.float64(81.0), 'max': np.float64(118.0)} top3=[([67, 54, 5, 47, 69, 63], (81.0,)), ([67, 54, 5, 47, 69, 63], (81.0,)), ([64, 54, 5, 47, 69, 63], (81.0,))] overall_top3=[([67, 54, 5, 47, 69, 63], (81.0,), 45), ([67, 59, 5, 47, 69, 63], (81.0,), 65), ([64, 54, 5, 47, 69, 63], (81.0,), 72)]
gen=85 nevals=49 stats={'avg': np.float64(82.6), 'std': np.float64(8.807572499465069), 'min': np.float64(81.0), 'max': np.float64(139.0)} top3=[([67, 54, 5, 47, 69, 63], (81.0,)), ([67, 54, 5, 47, 69, 63], (81.0,)), ([67, 54, 5, 47, 69, 63], (81.0,))] overall_top3=[([67, 54, 5, 47, 69, 63], (81.0,), 45), ([67, 59, 5, 47, 69, 63], (81.0,), 65), ([64, 54, 5, 47, 69, 63], (81.0,), 72)]
gen=86 nevals=56 stats={'avg': np.float64(86.9), 'std': np.float64(18.809306207300683), 'min': np.float64(81.0), 'max': np.float64(187.0)} top3=[([67, 54, 5, 47, 69, 63], (81.0,)), ([67, 54, 5, 47, 69, 63], (81.0,)), ([67, 54, 5, 47, 69, 63], (81.0,))] overall_top3=[([67, 54, 5, 47, 69, 63], (81.0,), 45), ([67, 59, 5, 47, 69, 63], (81.0,), 65), ([64, 54, 5, 47, 69, 63], (81.0,), 72)]
gen=87 nevals=48 stats={'avg': np.float64(84.48333333333333), 'std': np.float64(16.292627848883743), 'min': np.float64(81.0), 'max': np.float64(198.0)} top3=[([67, 54, 5, 47, 69, 63], (81.0,)), ([67, 54, 5, 47, 69, 63], (81.0,)), ([67, 54, 5, 47, 69, 63], (81.0,))] overall_top3=[([67, 54, 5, 47, 69, 63], (81.0,), 45), ([67, 59, 5, 47, 69, 63], (81.0,), 65), ([64, 54, 5, 47, 69, 63], (81.0,), 72)]
gen=88 nevals=40 stats={'avg': np.float64(84.08333333333333), 'std': np.float64(16.014880233360753), 'min': np.float64(81.0), 'max': np.float64(198.0)} top3=[([67, 54, 5, 47, 69, 63], (81.0,)), ([67, 54, 5, 47, 69, 63], (81.0,)), ([67, 54, 5, 47, 69, 63], (81.0,))] overall_top3=[([67, 54, 5, 47, 69, 63], (81.0,), 45), ([67, 59, 5, 47, 69, 63], (81.0,), 65), ([64, 54, 5, 47, 69, 63], (81.0,), 72)]
gen=89 nevals=43 stats={'avg': np.float64(85.38333333333334), 'std': np.float64(18.773289240005038), 'min': np.float64(81.0), 'max': np.float64(200.0)} top3=[([67, 54, 5, 47, 69, 63], (81.0,)), ([67, 54, 5, 47, 69, 63], (81.0,)), ([67, 54, 5, 47, 69, 63], (81.0,))] overall_top3=[([67, 54, 5, 47, 69, 63], (81.0,), 45), ([67, 59, 5, 47, 69, 63], (81.0,), 65), ([64, 54, 5, 47, 69, 63], (81.0,), 72)]
gen=90 nevals=49 stats={'avg': np.float64(86.3), 'std': np.float64(19.72333643175008), 'min': np.float64(81.0), 'max': np.float64(200.0)} top3=[([67, 54, 5, 47, 69, 63], (81.0,)), ([67, 54, 5, 47, 69, 63], (81.0,)), ([67, 54, 5, 47, 69, 63], (81.0,))] overall_top3=[([67, 54, 5, 47, 69, 63], (81.0,), 45), ([67, 59, 5, 47, 69, 63], (81.0,), 65), ([64, 54, 5, 47, 69, 63], (81.0,), 72)]
gen=91 nevals=40 stats={'avg': np.float64(81.11666666666666), 'std': np.float64(0.8961336705846711), 'min': np.float64(81.0), 'max': np.float64(88.0)} top3=[([67, 54, 5, 47, 69, 63], (81.0,)), ([67, 54, 5, 47, 69, 63], (81.0,)), ([67, 54, 5, 47, 69, 63], (81.0,))] overall_top3=[([67, 54, 5, 47, 69, 63], (81.0,), 45), ([67, 59, 5, 47, 69, 63], (81.0,), 65), ([64, 54, 5, 47, 69, 63], (81.0,), 72)]
gen=92 nevals=50 stats={'avg': np.float64(84.65), 'std': np.float64(10.145319117701522), 'min': np.float64(81.0), 'max': np.float64(119.0)} top3=[([67, 54, 5, 47, 69, 63], (81.0,)), ([67, 54, 5, 47, 69, 63], (81.0,)), ([67, 54, 5, 47, 69, 63], (81.0,))] overall_top3=[([67, 54, 5, 47, 69, 63], (81.0,), 45), ([67, 59, 5, 47, 69, 63], (81.0,), 65), ([64, 54, 5, 47, 69, 63], (81.0,), 72)]
gen=93 nevals=45 stats={'avg': np.float64(84.56666666666666), 'std': np.float64(11.321611585321627), 'min': np.float64(81.0), 'max': np.float64(138.0)} top3=[([67, 54, 5, 47, 69, 63], (81.0,)), ([67, 54, 5, 47, 69, 63], (81.0,)), ([67, 54, 5, 47, 69, 63], (81.0,))] overall_top3=[([67, 54, 5, 47, 69, 63], (81.0,), 45), ([67, 59, 5, 47, 69, 63], (81.0,), 65), ([64, 54, 5, 47, 69, 63], (81.0,), 72)]
gen=94 nevals=53 stats={'avg': np.float64(82.0), 'std': np.float64(4.339738855430512), 'min': np.float64(81.0), 'max': np.float64(105.0)} top3=[([67, 54, 5, 47, 69, 63], (81.0,)), ([67, 54, 5, 47, 69, 63], (81.0,)), ([67, 54, 5, 47, 69, 63], (81.0,))] overall_top3=[([67, 54, 5, 47, 69, 63], (81.0,), 45), ([67, 59, 5, 47, 69, 63], (81.0,), 65), ([64, 54, 5, 47, 69, 63], (81.0,), 72)]
gen=95 nevals=48 stats={'avg': np.float64(81.75), 'std': np.float64(4.829164869139729), 'min': np.float64(81.0), 'max': np.float64(118.0)} top3=[([67, 54, 5, 47, 69, 63], (81.0,)), ([67, 54, 5, 47, 69, 63], (81.0,)), ([67, 54, 5, 47, 69, 63], (81.0,))] overall_top3=[([67, 54, 5, 47, 69, 63], (81.0,), 45), ([67, 59, 5, 47, 69, 63], (81.0,), 65), ([64, 54, 5, 47, 69, 63], (81.0,), 72)]
gen=96 nevals=50 stats={'avg': np.float64(84.91666666666667), 'std': np.float64(14.047884380060774), 'min': np.float64(81.0), 'max': np.float64(157.0)} top3=[([67, 54, 5, 47, 69, 63], (81.0,)), ([67, 54, 5, 47, 69, 63], (81.0,)), ([67, 54, 5, 47, 69, 63], (81.0,))] overall_top3=[([67, 54, 5, 47, 69, 63], (81.0,), 45), ([67, 59, 5, 47, 69, 63], (81.0,), 65), ([64, 54, 5, 47, 69, 63], (81.0,), 72)]
gen=97 nevals=47 stats={'avg': np.float64(83.16666666666667), 'std': np.float64(10.159013512913324), 'min': np.float64(81.0), 'max': np.float64(148.0)} top3=[([67, 54, 5, 47, 69, 63], (81.0,)), ([67, 54, 5, 47, 69, 63], (81.0,)), ([67, 54, 5, 47, 69, 63], (81.0,))] overall_top3=[([67, 54, 5, 47, 69, 63], (81.0,), 45), ([67, 59, 5, 47, 69, 63], (81.0,), 65), ([64, 54, 5, 47, 69, 63], (81.0,), 72)]
gen=98 nevals=44 stats={'avg': np.float64(84.53333333333333), 'std': np.float64(17.512344852195614), 'min': np.float64(81.0), 'max': np.float64(200.0)} top3=[([67, 54, 5, 47, 69, 63], (81.0,)), ([67, 54, 5, 47, 69, 63], (81.0,)), ([67, 54, 5, 47, 69, 63], (81.0,))] overall_top3=[([67, 54, 5, 47, 69, 63], (81.0,), 45), ([67, 59, 5, 47, 69, 63], (81.0,), 65), ([64, 54, 5, 47, 69, 63], (81.0,), 72)]
gen=99 nevals=48 stats={'avg': np.float64(83.85), 'std': np.float64(13.865815278350324), 'min': np.float64(81.0), 'max': np.float64(180.0)} top3=[([67, 54, 5, 47, 69, 63], (81.0,)), ([67, 54, 5, 47, 69, 63], (81.0,)), ([67, 54, 5, 47, 69, 63], (81.0,))] overall_top3=[([67, 54, 5, 47, 69, 63], (81.0,), 45), ([67, 59, 5, 47, 69, 63], (81.0,), 65), ([64, 54, 5, 47, 69, 63], (81.0,), 72)]
gen=100 nevals=43 stats={'avg': np.float64(83.8), 'std': np.float64(15.17871316460435), 'min': np.float64(81.0), 'max': np.float64(180.0)} top3=[([67, 54, 5, 47, 69, 63], (81.0,)), ([67, 54, 5, 47, 69, 63], (81.0,)), ([67, 54, 5, 47, 69, 63], (81.0,))] overall_top3=[([67, 54, 5, 47, 69, 63], (81.0,), 45), ([67, 59, 5, 47, 69, 63], (81.0,), 65), ([64, 54, 5, 47, 69, 63], (81.0,), 72)]
gen=101 nevals=44 stats={'avg': np.float64(83.88333333333334), 'std': np.float64(11.584604246824986), 'min': np.float64(81.0), 'max': np.float64(157.0)} top3=[([67, 54, 5, 47, 69, 63], (81.0,)), ([67, 54, 5, 47, 69, 63], (81.0,)), ([67, 54, 5, 47, 69, 63], (81.0,))] overall_top3=[([67, 54, 5, 47, 69, 63], (81.0,), 45), ([67, 59, 5, 47, 69, 63], (81.0,), 65), ([64, 54, 5, 47, 69, 63], (81.0,), 72)]
gen=102 nevals=54 stats={'avg': np.float64(82.88333333333334), 'std': np.float64(8.232236769081792), 'min': np.float64(81.0), 'max': np.float64(130.0)} top3=[([67, 54, 5, 47, 69, 63], (81.0,)), ([67, 54, 5, 47, 69, 63], (81.0,)), ([67, 54, 5, 47, 69, 63], (81.0,))] overall_top3=[([67, 54, 5, 47, 69, 63], (81.0,), 45), ([67, 59, 5, 47, 69, 63], (81.0,), 65), ([64, 54, 5, 47, 69, 63], (81.0,), 72)]
gen=103 nevals=48 stats={'avg': np.float64(84.48333333333333), 'std': np.float64(14.262411748680124), 'min': np.float64(81.0), 'max': np.float64(157.0)} top3=[([67, 54, 5, 47, 69, 63], (81.0,)), ([67, 54, 5, 47, 69, 63], (81.0,)), ([67, 54, 5, 47, 69, 63], (81.0,))] overall_top3=[([67, 54, 5, 47, 69, 63], (81.0,), 45), ([67, 59, 5, 47, 69, 63], (81.0,), 65), ([64, 54, 5, 47, 69, 63], (81.0,), 72)]
gen=104 nevals=44 stats={'avg': np.float64(82.98333333333333), 'std': np.float64(7.667010861838892), 'min': np.float64(81.0), 'max': np.float64(118.0)} top3=[([67, 54, 5, 47, 69, 63], (81.0,)), ([67, 54, 5, 47, 69, 63], (81.0,)), ([67, 54, 5, 47, 69, 63], (81.0,))] overall_top3=[([67, 54, 5, 47, 69, 63], (81.0,), 45), ([67, 59, 5, 47, 69, 63], (81.0,), 65), ([64, 54, 5, 47, 69, 63], (81.0,), 72)]
gen=105 nevals=49 stats={'avg': np.float64(84.38333333333334), 'std': np.float64(12.884217304732), 'min': np.float64(81.0), 'max': np.float64(148.0)} top3=[([67, 54, 5, 47, 69, 63], (81.0,)), ([67, 54, 5, 47, 69, 63], (81.0,)), ([67, 54, 5, 47, 69, 63], (81.0,))] overall_top3=[([67, 54, 5, 47, 69, 63], (81.0,), 45), ([67, 59, 5, 47, 69, 63], (81.0,), 65), ([64, 54, 5, 47, 69, 63], (81.0,), 72)]
gen=106 nevals=45 stats={'avg': np.float64(83.56666666666666), 'std': np.float64(12.3225628647435), 'min': np.float64(81.0), 'max': np.float64(158.0)} top3=[([67, 54, 5, 47, 69, 63], (81.0,)), ([67, 54, 5, 47, 69, 63], (81.0,)), ([67, 54, 5, 47, 69, 63], (81.0,))] overall_top3=[([67, 54, 5, 47, 69, 63], (81.0,), 45), ([67, 59, 5, 47, 69, 63], (81.0,), 65), ([64, 54, 5, 47, 69, 63], (81.0,), 72)]
gen=107 nevals=43 stats={'avg': np.float64(85.16666666666667), 'std': np.float64(14.793204145447628), 'min': np.float64(81.0), 'max': np.float64(149.0)} top3=[([67, 54, 5, 47, 69, 63], (81.0,)), ([67, 54, 5, 47, 69, 63], (81.0,)), ([67, 54, 5, 47, 69, 63], (81.0,))] overall_top3=[([67, 54, 5, 47, 69, 63], (81.0,), 45), ([67, 59, 5, 47, 69, 63], (81.0,), 65), ([64, 54, 5, 47, 69, 63], (81.0,), 72)]
gen=108 nevals=37 stats={'avg': np.float64(84.56666666666666), 'std': np.float64(16.58248741561075), 'min': np.float64(81.0), 'max': np.float64(200.0)} top3=[([67, 54, 5, 47, 69, 63], (81.0,)), ([67, 54, 5, 47, 69, 63], (81.0,)), ([67, 54, 5, 47, 69, 63], (81.0,))] overall_top3=[([67, 54, 5, 47, 69, 63], (81.0,), 45), ([67, 59, 5, 47, 69, 63], (81.0,), 65), ([64, 54, 5, 47, 69, 63], (81.0,), 72)]
gen=109 nevals=44 stats={'avg': np.float64(83.78333333333333), 'std': np.float64(10.527886249807645), 'min': np.float64(81.0), 'max': np.float64(144.0)} top3=[([67, 54, 5, 47, 69, 63], (81.0,)), ([67, 54, 5, 47, 69, 63], (81.0,)), ([67, 54, 5, 47, 69, 63], (81.0,))] overall_top3=[([67, 54, 5, 47, 69, 63], (81.0,), 45), ([67, 59, 5, 47, 69, 63], (81.0,), 65), ([64, 54, 5, 47, 69, 63], (81.0,), 72)]
gen=110 nevals=46 stats={'avg': np.float64(82.86666666666666), 'std': np.float64(7.484354050654975), 'min': np.float64(81.0), 'max': np.float64(118.0)} top3=[([67, 54, 5, 47, 69, 63], (81.0,)), ([67, 54, 5, 47, 69, 63], (81.0,)), ([67, 54, 5, 47, 69, 63], (81.0,))] overall_top3=[([67, 54, 5, 47, 69, 63], (81.0,), 45), ([67, 59, 5, 47, 69, 63], (81.0,), 65), ([64, 54, 5, 47, 69, 63], (81.0,), 72)]
gen=111 nevals=49 stats={'avg': np.float64(83.48333333333333), 'std': np.float64(15.396419136351875), 'min': np.float64(81.0), 'max': np.float64(198.0)} top3=[([67, 54, 5, 47, 69, 63], (81.0,)), ([67, 54, 5, 47, 69, 63], (81.0,)), ([67, 59, 5, 47, 69, 63], (81.0,))] overall_top3=[([67, 54, 5, 47, 69, 63], (81.0,), 45), ([67, 59, 5, 47, 69, 63], (81.0,), 65), ([64, 54, 5, 47, 69, 63], (81.0,), 72)]
gen=112 nevals=48 stats={'avg': np.float64(82.3), 'std': np.float64(5.04413851250472), 'min': np.float64(81.0), 'max': np.float64(109.0)} top3=[([67, 54, 5, 47, 69, 63], (81.0,)), ([67, 54, 5, 47, 69, 63], (81.0,)), ([67, 54, 5, 47, 69, 63], (81.0,))] overall_top3=[([67, 54, 5, 47, 69, 63], (81.0,), 45), ([67, 59, 5, 47, 69, 63], (81.0,), 65), ([64, 54, 5, 47, 69, 63], (81.0,), 72)]
gen=113 nevals=40 stats={'avg': np.float64(84.65), 'std': np.float64(11.717259349637468), 'min': np.float64(81.0), 'max': np.float64(148.0)} top3=[([67, 54, 5, 47, 69, 63], (81.0,)), ([67, 54, 5, 47, 69, 63], (81.0,)), ([67, 54, 5, 47, 69, 63], (81.0,))] overall_top3=[([67, 54, 5, 47, 69, 63], (81.0,), 45), ([67, 59, 5, 47, 69, 63], (81.0,), 65), ([64, 54, 5, 47, 69, 63], (81.0,), 72)]
gen=114 nevals=50 stats={'avg': np.float64(86.26666666666667), 'std': np.float64(21.350930242549673), 'min': np.float64(81.0), 'max': np.float64(200.0)} top3=[([67, 54, 5, 47, 69, 63], (81.0,)), ([67, 54, 5, 47, 69, 63], (81.0,)), ([67, 54, 5, 47, 69, 63], (81.0,))] overall_top3=[([67, 54, 5, 47, 69, 63], (81.0,), 45), ([67, 59, 5, 47, 69, 63], (81.0,), 65), ([64, 54, 5, 47, 69, 63], (81.0,), 72)]
gen=115 nevals=55 stats={'avg': np.float64(86.65), 'std': np.float64(23.184639311406162), 'min': np.float64(81.0), 'max': np.float64(200.0)} top3=[([67, 54, 5, 47, 69, 63], (81.0,)), ([67, 54, 5, 47, 69, 63], (81.0,)), ([67, 54, 5, 47, 69, 63], (81.0,))] overall_top3=[([67, 54, 5, 47, 69, 63], (81.0,), 45), ([67, 59, 5, 47, 69, 63], (81.0,), 65), ([64, 54, 5, 47, 69, 63], (81.0,), 72)]
gen=116 nevals=53 stats={'avg': np.float64(87.7), 'std': np.float64(21.541665054803293), 'min': np.float64(81.0), 'max': np.float64(198.0)} top3=[([67, 54, 5, 47, 69, 63], (81.0,)), ([67, 54, 5, 47, 69, 63], (81.0,)), ([67, 54, 5, 47, 69, 63], (81.0,))] overall_top3=[([67, 54, 5, 47, 69, 63], (81.0,), 45), ([67, 59, 5, 47, 69, 63], (81.0,), 65), ([64, 54, 5, 47, 69, 63], (81.0,), 72)]
gen=117 nevals=46 stats={'avg': np.float64(83.98333333333333), 'std': np.float64(10.029110406988027), 'min': np.float64(81.0), 'max': np.float64(133.0)} top3=[([67, 54, 5, 47, 69, 63], (81.0,)), ([67, 54, 5, 47, 69, 63], (81.0,)), ([67, 54, 5, 47, 69, 63], (81.0,))] overall_top3=[([67, 54, 5, 47, 69, 63], (81.0,), 45), ([67, 59, 5, 47, 69, 63], (81.0,), 65), ([64, 54, 5, 47, 69, 63], (81.0,), 72)]
gen=118 nevals=41 stats={'avg': np.float64(84.7), 'std': np.float64(17.133106353879125), 'min': np.float64(81.0), 'max': np.float64(200.0)} top3=[([67, 54, 5, 47, 69, 63], (81.0,)), ([67, 59, 5, 47, 69, 63], (81.0,)), ([67, 54, 5, 47, 69, 63], (81.0,))] overall_top3=[([67, 54, 5, 47, 69, 63], (81.0,), 45), ([67, 59, 5, 47, 69, 63], (81.0,), 65), ([64, 54, 5, 47, 69, 63], (81.0,), 72)]
gen=119 nevals=47 stats={'avg': np.float64(84.05), 'std': np.float64(11.112193002883513), 'min': np.float64(81.0), 'max': np.float64(148.0)} top3=[([67, 54, 5, 47, 69, 63], (81.0,)), ([67, 54, 5, 47, 69, 63], (81.0,)), ([67, 54, 5, 47, 69, 63], (81.0,))] overall_top3=[([67, 54, 5, 47, 69, 63], (81.0,), 45), ([67, 59, 5, 47, 69, 63], (81.0,), 65), ([64, 54, 5, 47, 69, 63], (81.0,), 72)]
gen=120 nevals=49 stats={'avg': np.float64(84.01666666666667), 'std': np.float64(16.80227332502626), 'min': np.float64(81.0), 'max': np.float64(195.0)} top3=[([67, 54, 5, 47, 69, 63], (81.0,)), ([67, 54, 5, 47, 69, 63], (81.0,)), ([67, 54, 5, 47, 69, 63], (81.0,))] overall_top3=[([67, 54, 5, 47, 69, 63], (81.0,), 45), ([67, 59, 5, 47, 69, 63], (81.0,), 65), ([64, 54, 5, 47, 69, 63], (81.0,), 72)]
gen=121 nevals=44 stats={'avg': np.float64(84.88333333333334), 'std': np.float64(12.739821645358914), 'min': np.float64(81.0), 'max': np.float64(147.0)} top3=[([67, 54, 5, 47, 69, 63], (81.0,)), ([67, 54, 5, 47, 69, 63], (81.0,)), ([67, 54, 5, 47, 69, 63], (81.0,))] overall_top3=[([67, 54, 5, 47, 69, 63], (81.0,), 45), ([67, 59, 5, 47, 69, 63], (81.0,), 65), ([64, 54, 5, 47, 69, 63], (81.0,), 72)]
gen=122 nevals=51 stats={'avg': np.float64(84.41666666666667), 'std': np.float64(17.091217692786614), 'min': np.float64(81.0), 'max': np.float64(200.0)} top3=[([67, 54, 5, 47, 69, 63], (81.0,)), ([67, 54, 5, 47, 69, 63], (81.0,)), ([67, 54, 5, 47, 69, 63], (81.0,))] overall_top3=[([67, 54, 5, 47, 69, 63], (81.0,), 45), ([67, 59, 5, 47, 69, 63], (81.0,), 65), ([64, 54, 5, 47, 69, 63], (81.0,), 72)]
gen=123 nevals=39 stats={'avg': np.float64(83.9), 'std': np.float64(13.035464446399034), 'min': np.float64(81.0), 'max': np.float64(151.0)} top3=[([67, 54, 5, 47, 69, 63], (81.0,)), ([67, 54, 5, 47, 69, 63], (81.0,)), ([67, 54, 5, 47, 69, 63], (81.0,))] overall_top3=[([67, 54, 5, 47, 69, 63], (81.0,), 45), ([67, 59, 5, 47, 69, 63], (81.0,), 65), ([64, 54, 5, 47, 69, 63], (81.0,), 72)]
gen=124 nevals=48 stats={'avg': np.float64(87.03333333333333), 'std': np.float64(22.330820754185353), 'min': np.float64(81.0), 'max': np.float64(200.0)} top3=[([67, 54, 5, 47, 69, 63], (81.0,)), ([67, 54, 5, 47, 69, 63], (81.0,)), ([67, 54, 5, 47, 69, 63], (81.0,))] overall_top3=[([67, 54, 5, 47, 69, 63], (81.0,), 45), ([67, 59, 5, 47, 69, 63], (81.0,), 65), ([64, 54, 5, 47, 69, 63], (81.0,), 72)]
gen=125 nevals=51 stats={'avg': np.float64(88.31666666666666), 'std': np.float64(21.62829294132007), 'min': np.float64(81.0), 'max': np.float64(180.0)} top3=[([67, 54, 5, 47, 69, 63], (81.0,)), ([67, 54, 5, 47, 69, 63], (81.0,)), ([67, 54, 5, 47, 69, 63], (81.0,))] overall_top3=[([67, 54, 5, 47, 69, 63], (81.0,), 45), ([67, 59, 5, 47, 69, 63], (81.0,), 65), ([64, 54, 5, 47, 69, 63], (81.0,), 72)]
gen=126 nevals=51 stats={'avg': np.float64(82.15), 'std': np.float64(8.576761237981), 'min': np.float64(81.0), 'max': np.float64(148.0)} top3=[([67, 54, 5, 47, 69, 63], (81.0,)), ([67, 54, 5, 47, 69, 63], (81.0,)), ([67, 54, 5, 47, 69, 63], (81.0,))] overall_top3=[([67, 54, 5, 47, 69, 63], (81.0,), 45), ([67, 59, 5, 47, 69, 63], (81.0,), 65), ([64, 54, 5, 47, 69, 63], (81.0,), 72)]
gen=127 nevals=41 stats={'avg': np.float64(84.65), 'std': np.float64(17.077104555515255), 'min': np.float64(81.0), 'max': np.float64(200.0)} top3=[([67, 54, 5, 47, 69, 63], (81.0,)), ([67, 54, 5, 47, 69, 63], (81.0,)), ([67, 54, 5, 47, 69, 63], (81.0,))] overall_top3=[([67, 54, 5, 47, 69, 63], (81.0,), 45), ([67, 59, 5, 47, 69, 63], (81.0,), 65), ([64, 54, 5, 47, 69, 63], (81.0,), 72)]
gen=128 nevals=48 stats={'avg': np.float64(83.96666666666667), 'std': np.float64(10.046502984731664), 'min': np.float64(81.0), 'max': np.float64(132.0)} top3=[([67, 54, 5, 47, 69, 63], (81.0,)), ([67, 54, 5, 47, 69, 63], (81.0,)), ([67, 54, 5, 47, 69, 63], (81.0,))] overall_top3=[([67, 54, 5, 47, 69, 63], (81.0,), 45), ([67, 59, 5, 47, 69, 63], (81.0,), 65), ([64, 54, 5, 47, 69, 63], (81.0,), 72)]
gen=129 nevals=48 stats={'avg': np.float64(85.06666666666666), 'std': np.float64(17.444069351947547), 'min': np.float64(81.0), 'max': np.float64(200.0)} top3=[([67, 54, 5, 47, 69, 63], (81.0,)), ([67, 54, 5, 47, 69, 63], (81.0,)), ([67, 54, 5, 47, 69, 63], (81.0,))] overall_top3=[([67, 54, 5, 47, 69, 63], (81.0,), 45), ([67, 59, 5, 47, 69, 63], (81.0,), 65), ([64, 54, 5, 47, 69, 63], (81.0,), 72)]
gen=130 nevals=50 stats={'avg': np.float64(85.83333333333333), 'std': np.float64(18.935123154838177), 'min': np.float64(81.0), 'max': np.float64(200.0)} top3=[([67, 54, 5, 47, 69, 63], (81.0,)), ([67, 54, 5, 47, 69, 63], (81.0,)), ([67, 54, 5, 47, 69, 63], (81.0,))] overall_top3=[([67, 54, 5, 47, 69, 63], (81.0,), 45), ([67, 59, 5, 47, 69, 63], (81.0,), 65), ([64, 54, 5, 47, 69, 63], (81.0,), 72)]
gen=131 nevals=49 stats={'avg': np.float64(81.56666666666666), 'std': np.float64(4.352649257125545), 'min': np.float64(81.0), 'max': np.float64(115.0)} top3=[([67, 54, 5, 47, 69, 63], (81.0,)), ([67, 54, 5, 47, 69, 63], (81.0,)), ([67, 54, 5, 47, 69, 63], (81.0,))] overall_top3=[([67, 54, 5, 47, 69, 63], (81.0,), 45), ([67, 59, 5, 47, 69, 63], (81.0,), 65), ([64, 54, 5, 47, 69, 63], (81.0,), 72)]
gen=132 nevals=49 stats={'avg': np.float64(82.61666666666666), 'std': np.float64(9.338257629534299), 'min': np.float64(81.0), 'max': np.float64(148.0)} top3=[([67, 54, 5, 47, 69, 63], (81.0,)), ([67, 54, 5, 47, 69, 63], (81.0,)), ([67, 54, 5, 47, 69, 63], (81.0,))] overall_top3=[([67, 54, 5, 47, 69, 63], (81.0,), 45), ([67, 59, 5, 47, 69, 63], (81.0,), 65), ([64, 54, 5, 47, 69, 63], (81.0,), 72)]
gen=133 nevals=49 stats={'avg': np.float64(82.88333333333334), 'std': np.float64(8.538328616043982), 'min': np.float64(81.0), 'max': np.float64(133.0)} top3=[([67, 54, 5, 47, 69, 63], (81.0,)), ([67, 54, 5, 47, 69, 63], (81.0,)), ([61, 54, 5, 47, 69, 63], (81.0,))] overall_top3=[([67, 54, 5, 47, 69, 63], (81.0,), 45), ([67, 59, 5, 47, 69, 63], (81.0,), 65), ([64, 54, 5, 47, 69, 63], (81.0,), 72)]
gen=134 nevals=40 stats={'avg': np.float64(84.35), 'std': np.float64(12.499099967597667), 'min': np.float64(81.0), 'max': np.float64(158.0)} top3=[([67, 54, 5, 47, 69, 63], (81.0,)), ([67, 54, 5, 47, 69, 63], (81.0,)), ([67, 54, 5, 47, 69, 63], (81.0,))] overall_top3=[([67, 54, 5, 47, 69, 63], (81.0,), 45), ([67, 59, 5, 47, 69, 63], (81.0,), 65), ([64, 54, 5, 47, 69, 63], (81.0,), 72)]
gen=135 nevals=55 stats={'avg': np.float64(88.16666666666667), 'std': np.float64(21.004893609717605), 'min': np.float64(81.0), 'max': np.float64(193.0)} top3=[([67, 54, 5, 47, 69, 63], (81.0,)), ([67, 54, 5, 47, 69, 63], (81.0,)), ([67, 54, 5, 47, 69, 63], (81.0,))] overall_top3=[([67, 54, 5, 47, 69, 63], (81.0,), 45), ([67, 59, 5, 47, 69, 63], (81.0,), 65), ([64, 54, 5, 47, 69, 63], (81.0,), 72)]
gen=136 nevals=50 stats={'avg': np.float64(84.78333333333333), 'std': np.float64(14.44194315949977), 'min': np.float64(81.0), 'max': np.float64(148.0)} top3=[([67, 54, 5, 47, 69, 63], (81.0,)), ([67, 54, 5, 47, 69, 63], (81.0,)), ([67, 54, 5, 47, 69, 63], (81.0,))] overall_top3=[([67, 54, 5, 47, 69, 63], (81.0,), 45), ([67, 59, 5, 47, 69, 63], (81.0,), 65), ([64, 54, 5, 47, 69, 63], (81.0,), 72)]
gen=137 nevals=48 stats={'avg': np.float64(81.71666666666667), 'std': np.float64(4.785713693437536), 'min': np.float64(81.0), 'max': np.float64(118.0)} top3=[([67, 54, 5, 47, 69, 63], (81.0,)), ([67, 54, 5, 47, 69, 63], (81.0,)), ([67, 54, 5, 47, 69, 63], (81.0,))] overall_top3=[([67, 54, 5, 47, 69, 63], (81.0,), 45), ([67, 59, 5, 47, 69, 63], (81.0,), 65), ([64, 54, 5, 47, 69, 63], (81.0,), 72)]
gen=138 nevals=50 stats={'avg': np.float64(84.96666666666667), 'std': np.float64(15.790257193035908), 'min': np.float64(81.0), 'max': np.float64(184.0)} top3=[([67, 54, 5, 47, 69, 63], (81.0,)), ([67, 54, 5, 47, 69, 63], (81.0,)), ([67, 54, 5, 47, 69, 63], (81.0,))] overall_top3=[([67, 54, 5, 47, 69, 63], (81.0,), 45), ([67, 59, 5, 47, 69, 63], (81.0,), 65), ([64, 54, 5, 47, 69, 63], (81.0,), 72)]
gen=139 nevals=50 stats={'avg': np.float64(83.15), 'std': np.float64(8.869094279199729), 'min': np.float64(81.0), 'max': np.float64(135.0)} top3=[([67, 54, 5, 47, 69, 63], (81.0,)), ([67, 54, 5, 47, 69, 63], (81.0,)), ([67, 54, 5, 47, 69, 63], (81.0,))] overall_top3=[([67, 54, 5, 47, 69, 63], (81.0,), 45), ([67, 59, 5, 47, 69, 63], (81.0,), 65), ([64, 54, 5, 47, 69, 63], (81.0,), 72)]
gen=140 nevals=38 stats={'avg': np.float64(84.63333333333334), 'std': np.float64(17.350280177052536), 'min': np.float64(81.0), 'max': np.float64(195.0)} top3=[([67, 54, 5, 47, 69, 63], (81.0,)), ([67, 54, 5, 47, 69, 63], (81.0,)), ([67, 54, 5, 47, 69, 63], (81.0,))] overall_top3=[([67, 54, 5, 47, 69, 63], (81.0,), 45), ([67, 59, 5, 47, 69, 63], (81.0,), 65), ([64, 54, 5, 47, 69, 63], (81.0,), 72)]
gen=141 nevals=49 stats={'avg': np.float64(81.06666666666666), 'std': np.float64(0.5120763831912405), 'min': np.float64(81.0), 'max': np.float64(85.0)} top3=[([67, 54, 5, 47, 69, 63], (81.0,)), ([67, 54, 5, 47, 69, 63], (81.0,)), ([67, 54, 5, 47, 69, 63], (81.0,))] overall_top3=[([67, 54, 5, 47, 69, 63], (81.0,), 45), ([67, 59, 5, 47, 69, 63], (81.0,), 65), ([64, 54, 5, 47, 69, 63], (81.0,), 72)]
gen=142 nevals=52 stats={'avg': np.float64(84.9), 'std': np.float64(17.134468185502577), 'min': np.float64(81.0), 'max': np.float64(200.0)} top3=[([67, 54, 5, 47, 69, 63], (81.0,)), ([67, 54, 5, 47, 69, 63], (81.0,)), ([67, 54, 5, 47, 69, 63], (81.0,))] overall_top3=[([67, 54, 5, 47, 69, 63], (81.0,), 45), ([67, 59, 5, 47, 69, 63], (81.0,), 65), ([64, 54, 5, 47, 69, 63], (81.0,), 72)]
gen=143 nevals=46 stats={'avg': np.float64(83.81666666666666), 'std': np.float64(15.977579777787236), 'min': np.float64(81.0), 'max': np.float64(193.0)} top3=[([67, 54, 5, 47, 69, 63], (81.0,)), ([67, 54, 5, 47, 69, 63], (81.0,)), ([67, 54, 5, 47, 69, 63], (81.0,))] overall_top3=[([67, 54, 5, 47, 69, 63], (81.0,), 45), ([67, 59, 5, 47, 69, 63], (81.0,), 65), ([64, 54, 5, 47, 69, 63], (81.0,), 72)]
gen=144 nevals=41 stats={'avg': np.float64(85.0), 'std': np.float64(17.13962271074444), 'min': np.float64(81.0), 'max': np.float64(193.0)} top3=[([67, 54, 5, 47, 69, 63], (81.0,)), ([67, 54, 5, 47, 69, 63], (81.0,)), ([67, 54, 5, 47, 69, 63], (81.0,))] overall_top3=[([67, 54, 5, 47, 69, 63], (81.0,), 45), ([67, 59, 5, 47, 69, 63], (81.0,), 65), ([64, 54, 5, 47, 69, 63], (81.0,), 72)]
gen=145 nevals=55 stats={'avg': np.float64(81.61666666666666), 'std': np.float64(3.4693499230963845), 'min': np.float64(81.0), 'max': np.float64(105.0)} top3=[([67, 54, 5, 47, 69, 63], (81.0,)), ([67, 54, 5, 47, 69, 63], (81.0,)), ([67, 54, 5, 47, 69, 63], (81.0,))] overall_top3=[([67, 54, 5, 47, 69, 63], (81.0,), 45), ([67, 59, 5, 47, 69, 63], (81.0,), 65), ([64, 54, 5, 47, 69, 63], (81.0,), 72)]
gen=146 nevals=51 stats={'avg': np.float64(88.33333333333333), 'std': np.float64(20.00555478416488), 'min': np.float64(81.0), 'max': np.float64(157.0)} top3=[([67, 54, 5, 47, 69, 63], (81.0,)), ([67, 54, 5, 47, 69, 63], (81.0,)), ([67, 54, 5, 47, 69, 63], (81.0,))] overall_top3=[([67, 54, 5, 47, 69, 63], (81.0,), 45), ([67, 59, 5, 47, 69, 63], (81.0,), 65), ([64, 54, 5, 47, 69, 63], (81.0,), 72)]
gen=147 nevals=43 stats={'avg': np.float64(82.43333333333334), 'std': np.float64(6.2938241334042875), 'min': np.float64(81.0), 'max': np.float64(118.0)} top3=[([67, 54, 5, 47, 69, 63], (81.0,)), ([67, 54, 5, 47, 69, 63], (81.0,)), ([67, 54, 5, 47, 69, 63], (81.0,))] overall_top3=[([67, 54, 5, 47, 69, 63], (81.0,), 45), ([67, 59, 5, 47, 69, 63], (81.0,), 65), ([64, 54, 5, 47, 69, 63], (81.0,), 72)]
gen=148 nevals=49 stats={'avg': np.float64(83.6), 'std': np.float64(15.87681748126284), 'min': np.float64(81.0), 'max': np.float64(200.0)} top3=[([67, 54, 5, 47, 69, 63], (81.0,)), ([67, 54, 5, 47, 69, 63], (81.0,)), ([67, 54, 5, 47, 69, 63], (81.0,))] overall_top3=[([67, 54, 5, 47, 69, 63], (81.0,), 45), ([67, 59, 5, 47, 69, 63], (81.0,), 65), ([64, 54, 5, 47, 69, 63], (81.0,), 72)]
gen=149 nevals=45 stats={'avg': np.float64(82.41666666666667), 'std': np.float64(8.843626078833399), 'min': np.float64(81.0), 'max': np.float64(148.0)} top3=[([67, 54, 5, 47, 69, 63], (81.0,)), ([67, 54, 5, 47, 69, 63], (81.0,)), ([67, 54, 5, 47, 69, 63], (81.0,))] overall_top3=[([67, 54, 5, 47, 69, 63], (81.0,), 45), ([67, 59, 5, 47, 69, 63], (81.0,), 65), ([64, 54, 5, 47, 69, 63], (81.0,), 72)]
gen=150 nevals=47 stats={'avg': np.float64(83.36666666666666), 'std': np.float64(12.036010782462583), 'min': np.float64(81.0), 'max': np.float64(148.0)} top3=[([67, 54, 5, 47, 69, 63], (81.0,)), ([67, 54, 5, 47, 69, 63], (81.0,)), ([67, 54, 5, 47, 69, 63], (81.0,))] overall_top3=[([67, 54, 5, 47, 69, 63], (81.0,), 45), ([67, 59, 5, 47, 69, 63], (81.0,), 65), ([64, 54, 5, 47, 69, 63], (81.0,), 72)]
gen=151 nevals=35 stats={'avg': np.float64(83.2), 'std': np.float64(14.988662381947229), 'min': np.float64(81.0), 'max': np.float64(198.0)} top3=[([67, 54, 5, 47, 69, 63], (81.0,)), ([67, 54, 5, 47, 69, 63], (81.0,)), ([67, 54, 5, 47, 69, 63], (81.0,))] overall_top3=[([67, 54, 5, 47, 69, 63], (81.0,), 45), ([67, 59, 5, 47, 69, 63], (81.0,), 65), ([64, 54, 5, 47, 69, 63], (81.0,), 72)]
gen=152 nevals=44 stats={'avg': np.float64(86.91666666666667), 'std': np.float64(23.201502585440934), 'min': np.float64(81.0), 'max': np.float64(200.0)} top3=[([67, 54, 5, 47, 69, 63], (81.0,)), ([67, 54, 5, 47, 69, 63], (81.0,)), ([67, 54, 5, 47, 69, 63], (81.0,))] overall_top3=[([67, 54, 5, 47, 69, 63], (81.0,), 45), ([67, 59, 5, 47, 69, 63], (81.0,), 65), ([64, 54, 5, 47, 69, 63], (81.0,), 72)]
gen=153 nevals=49 stats={'avg': np.float64(83.05), 'std': np.float64(12.615367612558897), 'min': np.float64(81.0), 'max': np.float64(177.0)} top3=[([67, 54, 5, 47, 69, 63], (81.0,)), ([67, 54, 5, 47, 69, 63], (81.0,)), ([67, 54, 5, 47, 69, 63], (81.0,))] overall_top3=[([67, 54, 5, 47, 69, 63], (81.0,), 45), ([67, 59, 5, 47, 69, 63], (81.0,), 65), ([64, 54, 5, 47, 69, 63], (81.0,), 72)]
gen=154 nevals=43 stats={'avg': np.float64(84.68333333333334), 'std': np.float64(13.01344390321879), 'min': np.float64(81.0), 'max': np.float64(152.0)} top3=[([67, 54, 5, 47, 69, 63], (81.0,)), ([67, 54, 5, 47, 69, 63], (81.0,)), ([67, 54, 5, 47, 69, 63], (81.0,))] overall_top3=[([67, 54, 5, 47, 69, 63], (81.0,), 45), ([67, 59, 5, 47, 69, 63], (81.0,), 65), ([64, 54, 5, 47, 69, 63], (81.0,), 72)]
gen=155 nevals=45 stats={'avg': np.float64(86.13333333333334), 'std': np.float64(19.14198410707614), 'min': np.float64(81.0), 'max': np.float64(183.0)} top3=[([67, 54, 5, 47, 69, 63], (81.0,)), ([67, 54, 5, 47, 69, 63], (81.0,)), ([67, 54, 5, 47, 69, 63], (81.0,))] overall_top3=[([67, 54, 5, 47, 69, 63], (81.0,), 45), ([67, 59, 5, 47, 69, 63], (81.0,), 65), ([64, 54, 5, 47, 69, 63], (81.0,), 72)]
gen=156 nevals=43 stats={'avg': np.float64(84.0), 'std': np.float64(10.72069649478677), 'min': np.float64(81.0), 'max': np.float64(136.0)} top3=[([67, 54, 5, 47, 69, 63], (81.0,)), ([67, 54, 5, 47, 69, 63], (81.0,)), ([67, 54, 5, 47, 69, 63], (81.0,))] overall_top3=[([67, 54, 5, 47, 69, 63], (81.0,), 45), ([67, 59, 5, 47, 69, 63], (81.0,), 65), ([64, 54, 5, 47, 69, 63], (81.0,), 72)]
gen=157 nevals=40 stats={'avg': np.float64(83.23333333333333), 'std': np.float64(8.383250496608632), 'min': np.float64(81.0), 'max': np.float64(119.0)} top3=[([67, 54, 5, 47, 69, 63], (81.0,)), ([67, 54, 5, 47, 69, 63], (81.0,)), ([67, 54, 5, 47, 69, 63], (81.0,))] overall_top3=[([67, 54, 5, 47, 69, 63], (81.0,), 45), ([67, 59, 5, 47, 69, 63], (81.0,), 65), ([64, 54, 5, 47, 69, 63], (81.0,), 72)]
gen=158 nevals=47 stats={'avg': np.float64(86.31666666666666), 'std': np.float64(19.77919080470404), 'min': np.float64(81.0), 'max': np.float64(200.0)} top3=[([67, 54, 5, 47, 69, 63], (81.0,)), ([67, 54, 5, 47, 69, 63], (81.0,)), ([67, 54, 5, 47, 69, 63], (81.0,))] overall_top3=[([67, 54, 5, 47, 69, 63], (81.0,), 45), ([67, 59, 5, 47, 69, 63], (81.0,), 65), ([64, 54, 5, 47, 69, 63], (81.0,), 72)]
gen=159 nevals=45 stats={'avg': np.float64(83.76666666666667), 'std': np.float64(9.399231647084541), 'min': np.float64(81.0), 'max': np.float64(122.0)} top3=[([67, 54, 5, 47, 69, 63], (81.0,)), ([67, 54, 5, 47, 69, 63], (81.0,)), ([67, 54, 5, 47, 69, 63], (81.0,))] overall_top3=[([67, 54, 5, 47, 69, 63], (81.0,), 45), ([67, 59, 5, 47, 69, 63], (81.0,), 65), ([64, 54, 5, 47, 69, 63], (81.0,), 72)]
gen=160 nevals=46 stats={'avg': np.float64(81.45), 'std': np.float64(3.456515586540873), 'min': np.float64(81.0), 'max': np.float64(108.0)} top3=[([67, 54, 5, 47, 69, 63], (81.0,)), ([67, 54, 5, 47, 69, 63], (81.0,)), ([67, 54, 5, 47, 69, 63], (81.0,))] overall_top3=[([67, 54, 5, 47, 69, 63], (81.0,), 45), ([67, 59, 5, 47, 69, 63], (81.0,), 65), ([64, 54, 5, 47, 69, 63], (81.0,), 72)]
gen=161 nevals=54 stats={'avg': np.float64(86.66666666666667), 'std': np.float64(23.0149709730186), 'min': np.float64(81.0), 'max': np.float64(200.0)} top3=[([67, 54, 5, 47, 69, 63], (81.0,)), ([67, 54, 5, 47, 69, 63], (81.0,)), ([67, 54, 5, 47, 69, 63], (81.0,))] overall_top3=[([67, 54, 5, 47, 69, 63], (81.0,), 45), ([67, 59, 5, 47, 69, 63], (81.0,), 65), ([64, 54, 5, 47, 69, 63], (81.0,), 72)]
gen=162 nevals=50 stats={'avg': np.float64(86.36666666666666), 'std': np.float64(22.80494585732568), 'min': np.float64(81.0), 'max': np.float64(200.0)} top3=[([67, 54, 5, 47, 69, 63], (81.0,)), ([67, 54, 5, 47, 69, 63], (81.0,)), ([67, 54, 5, 47, 69, 63], (81.0,))] overall_top3=[([67, 54, 5, 47, 69, 63], (81.0,), 45), ([67, 59, 5, 47, 69, 63], (81.0,), 65), ([64, 54, 5, 47, 69, 63], (81.0,), 72)]
gen=163 nevals=50 stats={'avg': np.float64(81.81666666666666), 'std': np.float64(3.7704626889665525), 'min': np.float64(81.0), 'max': np.float64(105.0)} top3=[([67, 54, 5, 47, 69, 63], (81.0,)), ([67, 54, 5, 47, 69, 63], (81.0,)), ([67, 54, 5, 47, 69, 63], (81.0,))] overall_top3=[([67, 54, 5, 47, 69, 63], (81.0,), 45), ([67, 59, 5, 47, 69, 63], (81.0,), 65), ([64, 54, 5, 47, 69, 63], (81.0,), 72)]
gen=164 nevals=53 stats={'avg': np.float64(82.85), 'std': np.float64(10.679926653930414), 'min': np.float64(81.0), 'max': np.float64(159.0)} top3=[([67, 54, 5, 47, 69, 63], (81.0,)), ([67, 54, 5, 47, 69, 63], (81.0,)), ([67, 54, 5, 47, 69, 63], (81.0,))] overall_top3=[([67, 54, 5, 47, 69, 63], (81.0,), 45), ([67, 59, 5, 47, 69, 63], (81.0,), 65), ([64, 54, 5, 47, 69, 63], (81.0,), 72)]
gen=165 nevals=48 stats={'avg': np.float64(90.4), 'std': np.float64(28.4787640181241), 'min': np.float64(81.0), 'max': np.float64(200.0)} top3=[([67, 54, 5, 47, 69, 63], (81.0,)), ([67, 54, 5, 47, 69, 63], (81.0,)), ([67, 54, 5, 47, 69, 63], (81.0,))] overall_top3=[([67, 54, 5, 47, 69, 63], (81.0,), 45), ([67, 59, 5, 47, 69, 63], (81.0,), 65), ([64, 54, 5, 47, 69, 63], (81.0,), 72)]
gen=166 nevals=48 stats={'avg': np.float64(82.46666666666667), 'std': np.float64(7.900351609615586), 'min': np.float64(81.0), 'max': np.float64(138.0)} top3=[([67, 54, 5, 47, 69, 63], (81.0,)), ([67, 54, 5, 47, 69, 63], (81.0,)), ([67, 54, 5, 47, 69, 63], (81.0,))] overall_top3=[([67, 54, 5, 47, 69, 63], (81.0,), 45), ([67, 59, 5, 47, 69, 63], (81.0,), 65), ([64, 54, 5, 47, 69, 63], (81.0,), 72)]
gen=167 nevals=49 stats={'avg': np.float64(84.1), 'std': np.float64(17.355786739106165), 'min': np.float64(81.0), 'max': np.float64(200.0)} top3=[([67, 54, 5, 47, 69, 63], (81.0,)), ([67, 54, 5, 47, 69, 63], (81.0,)), ([67, 54, 5, 47, 69, 63], (81.0,))] overall_top3=[([67, 54, 5, 47, 69, 63], (81.0,), 45), ([67, 59, 5, 47, 69, 63], (81.0,), 65), ([64, 54, 5, 47, 69, 63], (81.0,), 72)]
gen=168 nevals=48 stats={'avg': np.float64(83.46666666666667), 'std': np.float64(14.740495996479298), 'min': np.float64(81.0), 'max': np.float64(190.0)} top3=[([67, 54, 5, 47, 69, 63], (81.0,)), ([67, 54, 5, 47, 69, 63], (81.0,)), ([67, 54, 5, 47, 69, 63], (81.0,))] overall_top3=[([67, 54, 5, 47, 69, 63], (81.0,), 45), ([67, 59, 5, 47, 69, 63], (81.0,), 65), ([64, 54, 5, 47, 69, 63], (81.0,), 72)]
gen=169 nevals=48 stats={'avg': np.float64(83.11666666666666), 'std': np.float64(10.683463337742536), 'min': np.float64(81.0), 'max': np.float64(157.0)} top3=[([67, 54, 5, 47, 69, 63], (81.0,)), ([67, 54, 5, 47, 69, 63], (81.0,)), ([67, 54, 5, 47, 69, 63], (81.0,))] overall_top3=[([67, 54, 5, 47, 69, 63], (81.0,), 45), ([67, 59, 5, 47, 69, 63], (81.0,), 65), ([64, 54, 5, 47, 69, 63], (81.0,), 72)]
gen=170 nevals=46 stats={'avg': np.float64(86.45), 'std': np.float64(20.777732471727195), 'min': np.float64(81.0), 'max': np.float64(200.0)} top3=[([67, 54, 5, 47, 69, 63], (81.0,)), ([67, 54, 5, 47, 69, 63], (81.0,)), ([67, 54, 5, 47, 69, 63], (81.0,))] overall_top3=[([67, 54, 5, 47, 69, 63], (81.0,), 45), ([67, 59, 5, 47, 69, 63], (81.0,), 65), ([64, 54, 5, 47, 69, 63], (81.0,), 72)]
gen=171 nevals=54 stats={'avg': np.float64(85.51666666666667), 'std': np.float64(18.86662985862134), 'min': np.float64(81.0), 'max': np.float64(200.0)} top3=[([67, 54, 5, 47, 69, 63], (81.0,)), ([67, 54, 5, 47, 69, 63], (81.0,)), ([67, 54, 5, 47, 69, 63], (81.0,))] overall_top3=[([67, 54, 5, 47, 69, 63], (81.0,), 45), ([67, 59, 5, 47, 69, 63], (81.0,), 65), ([64, 54, 5, 47, 69, 63], (81.0,), 72)]
gen=172 nevals=48 stats={'avg': np.float64(83.85), 'std': np.float64(12.819028824368871), 'min': np.float64(81.0), 'max': np.float64(148.0)} top3=[([67, 54, 5, 47, 69, 63], (81.0,)), ([67, 54, 5, 47, 69, 63], (81.0,)), ([67, 54, 5, 47, 69, 63], (81.0,))] overall_top3=[([67, 54, 5, 47, 69, 63], (81.0,), 45), ([67, 59, 5, 47, 69, 63], (81.0,), 65), ([64, 54, 5, 47, 69, 63], (81.0,), 72)]
gen=173 nevals=48 stats={'avg': np.float64(81.85), 'std': np.float64(4.996081798102723), 'min': np.float64(81.0), 'max': np.float64(119.0)} top3=[([67, 54, 5, 47, 69, 63], (81.0,)), ([67, 54, 5, 47, 69, 63], (81.0,)), ([67, 54, 5, 47, 69, 63], (81.0,))] overall_top3=[([67, 54, 5, 47, 69, 63], (81.0,), 45), ([67, 59, 5, 47, 69, 63], (81.0,), 65), ([64, 54, 5, 47, 69, 63], (81.0,), 72)]
gen=174 nevals=45 stats={'avg': np.float64(81.35), 'std': np.float64(2.6884010117540127), 'min': np.float64(81.0), 'max': np.float64(102.0)} top3=[([67, 54, 5, 47, 69, 63], (81.0,)), ([67, 54, 5, 47, 69, 63], (81.0,)), ([67, 54, 5, 47, 69, 63], (81.0,))] overall_top3=[([67, 54, 5, 47, 69, 63], (81.0,), 45), ([67, 59, 5, 47, 69, 63], (81.0,), 65), ([64, 54, 5, 47, 69, 63], (81.0,), 72)]
gen=175 nevals=47 stats={'avg': np.float64(86.85), 'std': np.float64(20.800500795253303), 'min': np.float64(81.0), 'max': np.float64(198.0)} top3=[([67, 54, 5, 47, 69, 63], (81.0,)), ([67, 54, 5, 47, 69, 63], (81.0,)), ([67, 54, 5, 47, 69, 63], (81.0,))] overall_top3=[([67, 54, 5, 47, 69, 63], (81.0,), 45), ([67, 59, 5, 47, 69, 63], (81.0,), 65), ([64, 54, 5, 47, 69, 63], (81.0,), 72)]
gen=176 nevals=48 stats={'avg': np.float64(85.98333333333333), 'std': np.float64(18.547678800563936), 'min': np.float64(81.0), 'max': np.float64(200.0)} top3=[([67, 54, 5, 47, 69, 63], (81.0,)), ([67, 54, 5, 47, 69, 63], (81.0,)), ([67, 54, 5, 47, 69, 63], (81.0,))] overall_top3=[([67, 54, 5, 47, 69, 63], (81.0,), 45), ([67, 59, 5, 47, 69, 63], (81.0,), 65), ([64, 54, 5, 47, 69, 63], (81.0,), 72)]
gen=177 nevals=46 stats={'avg': np.float64(85.03333333333333), 'std': np.float64(16.08619145589022), 'min': np.float64(81.0), 'max': np.float64(183.0)} top3=[([67, 54, 5, 47, 69, 63], (81.0,)), ([67, 54, 5, 47, 69, 63], (81.0,)), ([67, 54, 5, 47, 69, 63], (81.0,))] overall_top3=[([67, 54, 5, 47, 69, 63], (81.0,), 45), ([67, 59, 5, 47, 69, 63], (81.0,), 65), ([64, 54, 5, 47, 69, 63], (81.0,), 72)]
gen=178 nevals=46 stats={'avg': np.float64(82.48333333333333), 'std': np.float64(6.609315815994539), 'min': np.float64(81.0), 'max': np.float64(118.0)} top3=[([67, 54, 5, 47, 69, 63], (81.0,)), ([67, 54, 5, 47, 69, 63], (81.0,)), ([67, 54, 5, 47, 69, 63], (81.0,))] overall_top3=[([67, 54, 5, 47, 69, 63], (81.0,), 45), ([67, 59, 5, 47, 69, 63], (81.0,), 65), ([64, 54, 5, 47, 69, 63], (81.0,), 72)]
gen=179 nevals=53 stats={'avg': np.float64(83.4), 'std': np.float64(15.23395330612948), 'min': np.float64(81.0), 'max': np.float64(198.0)} top3=[([67, 54, 5, 47, 69, 63], (81.0,)), ([67, 54, 5, 47, 69, 63], (81.0,)), ([67, 54, 5, 47, 69, 63], (81.0,))] overall_top3=[([67, 54, 5, 47, 69, 63], (81.0,), 45), ([67, 59, 5, 47, 69, 63], (81.0,), 65), ([64, 54, 5, 47, 69, 63], (81.0,), 72)]
gen=180 nevals=48 stats={'avg': np.float64(82.86666666666666), 'std': np.float64(13.441808740724673), 'min': np.float64(81.0), 'max': np.float64(186.0)} top3=[([67, 54, 5, 47, 69, 63], (81.0,)), ([67, 54, 5, 47, 69, 63], (81.0,)), ([67, 54, 5, 47, 69, 63], (81.0,))] overall_top3=[([67, 54, 5, 47, 69, 63], (81.0,), 45), ([67, 59, 5, 47, 69, 63], (81.0,), 65), ([64, 54, 5, 47, 69, 63], (81.0,), 72)]
gen=181 nevals=49 stats={'avg': np.float64(85.13333333333334), 'std': np.float64(13.090030133230742), 'min': np.float64(81.0), 'max': np.float64(154.0)} top3=[([67, 54, 5, 47, 69, 63], (81.0,)), ([67, 54, 5, 47, 69, 63], (81.0,)), ([67, 54, 5, 47, 69, 63], (81.0,))] overall_top3=[([67, 54, 5, 47, 69, 63], (81.0,), 45), ([67, 59, 5, 47, 69, 63], (81.0,), 65), ([64, 54, 5, 47, 69, 63], (81.0,), 72)]
gen=182 nevals=42 stats={'avg': np.float64(81.03333333333333), 'std': np.float64(0.25603819159562025), 'min': np.float64(81.0), 'max': np.float64(83.0)} top3=[([67, 54, 5, 47, 69, 63], (81.0,)), ([67, 54, 5, 47, 69, 63], (81.0,)), ([67, 54, 5, 47, 69, 63], (81.0,))] overall_top3=[([67, 54, 5, 47, 69, 63], (81.0,), 45), ([67, 59, 5, 47, 69, 63], (81.0,), 65), ([64, 54, 5, 47, 69, 63], (81.0,), 72)]
gen=183 nevals=57 stats={'avg': np.float64(84.85), 'std': np.float64(16.49931816773045), 'min': np.float64(81.0), 'max': np.float64(200.0)} top3=[([67, 54, 5, 47, 69, 63], (81.0,)), ([67, 54, 5, 47, 69, 63], (81.0,)), ([67, 54, 5, 47, 69, 63], (81.0,))] overall_top3=[([67, 54, 5, 47, 69, 63], (81.0,), 45), ([67, 59, 5, 47, 69, 63], (81.0,), 65), ([64, 54, 5, 47, 69, 63], (81.0,), 72)]
gen=184 nevals=51 stats={'avg': np.float64(82.71666666666667), 'std': np.float64(8.296769786422239), 'min': np.float64(81.0), 'max': np.float64(138.0)} top3=[([67, 54, 5, 47, 69, 63], (81.0,)), ([67, 54, 5, 47, 69, 63], (81.0,)), ([67, 54, 5, 47, 69, 63], (81.0,))] overall_top3=[([67, 54, 5, 47, 69, 63], (81.0,), 45), ([67, 59, 5, 47, 69, 63], (81.0,), 65), ([64, 54, 5, 47, 69, 63], (81.0,), 72)]
gen=185 nevals=47 stats={'avg': np.float64(82.8), 'std': np.float64(9.979645952303784), 'min': np.float64(81.0), 'max': np.float64(148.0)} top3=[([67, 54, 5, 47, 69, 63], (81.0,)), ([67, 54, 5, 47, 69, 63], (81.0,)), ([67, 54, 5, 47, 69, 63], (81.0,))] overall_top3=[([67, 54, 5, 47, 69, 63], (81.0,), 45), ([67, 59, 5, 47, 69, 63], (81.0,), 65), ([64, 54, 5, 47, 69, 63], (81.0,), 72)]
gen=186 nevals=47 stats={'avg': np.float64(84.15), 'std': np.float64(13.408734715351285), 'min': np.float64(81.0), 'max': np.float64(154.0)} top3=[([67, 54, 5, 47, 69, 63], (81.0,)), ([67, 54, 5, 47, 69, 63], (81.0,)), ([67, 54, 5, 47, 69, 63], (81.0,))] overall_top3=[([67, 54, 5, 47, 69, 63], (81.0,), 45), ([67, 59, 5, 47, 69, 63], (81.0,), 65), ([64, 54, 5, 47, 69, 63], (81.0,), 72)]
gen=187 nevals=40 stats={'avg': np.float64(81.0), 'std': np.float64(0.0), 'min': np.float64(81.0), 'max': np.float64(81.0)} top3=[([67, 54, 5, 47, 69, 63], (81.0,)), ([67, 54, 5, 47, 69, 63], (81.0,)), ([67, 54, 5, 47, 69, 63], (81.0,))] overall_top3=[([67, 54, 5, 47, 69, 63], (81.0,), 45), ([67, 59, 5, 47, 69, 63], (81.0,), 65), ([64, 54, 5, 47, 69, 63], (81.0,), 72)]
gen=188 nevals=50 stats={'avg': np.float64(82.65), 'std': np.float64(7.084784165143399), 'min': np.float64(81.0), 'max': np.float64(118.0)} top3=[([67, 54, 5, 47, 69, 63], (81.0,)), ([67, 54, 5, 47, 69, 63], (81.0,)), ([67, 54, 5, 47, 69, 63], (81.0,))] overall_top3=[([67, 54, 5, 47, 69, 63], (81.0,), 45), ([67, 59, 5, 47, 69, 63], (81.0,), 65), ([64, 54, 5, 47, 69, 63], (81.0,), 72)]
gen=189 nevals=51 stats={'avg': np.float64(82.31666666666666), 'std': np.float64(8.636148189763507), 'min': np.float64(81.0), 'max': np.float64(148.0)} top3=[([67, 54, 5, 47, 69, 63], (81.0,)), ([67, 54, 5, 47, 69, 63], (81.0,)), ([67, 54, 5, 47, 69, 63], (81.0,))] overall_top3=[([67, 54, 5, 47, 69, 63], (81.0,), 45), ([67, 59, 5, 47, 69, 63], (81.0,), 65), ([64, 54, 5, 47, 69, 63], (81.0,), 72)]
gen=190 nevals=48 stats={'avg': np.float64(82.46666666666667), 'std': np.float64(6.309956858454387), 'min': np.float64(81.0), 'max': np.float64(113.0)} top3=[([67, 54, 5, 47, 69, 63], (81.0,)), ([67, 54, 5, 47, 69, 63], (81.0,)), ([67, 54, 5, 47, 69, 63], (81.0,))] overall_top3=[([67, 54, 5, 47, 69, 63], (81.0,), 45), ([67, 59, 5, 47, 69, 63], (81.0,), 65), ([64, 54, 5, 47, 69, 63], (81.0,), 72)]
gen=191 nevals=44 stats={'avg': np.float64(85.0), 'std': np.float64(19.894722918402255), 'min': np.float64(81.0), 'max': np.float64(200.0)} top3=[([67, 54, 5, 47, 69, 63], (81.0,)), ([67, 54, 5, 47, 69, 63], (81.0,)), ([67, 54, 5, 47, 69, 63], (81.0,))] overall_top3=[([67, 54, 5, 47, 69, 63], (81.0,), 45), ([67, 59, 5, 47, 69, 63], (81.0,), 65), ([64, 54, 5, 47, 69, 63], (81.0,), 72)]
