# GA run_dir=experiments/ga_shelter/20260311-152153_0035b64b
#S2 0.380, 0.40, ngen=200 pop_n=70 tournsize=3
gen=0 nevals=70 stats={'avg': np.float64(297.0), 'std': np.float64(7.527093918448398), 'min': np.float64(264.0), 'max': np.float64(300.0)} top3=[([23, 44, 6, 35, 15, 42], (264.0,)), ([46, 4, 26, 30, 32, 41], (271.0,)), ([23, 15, 2, 51, 29, 27], (276.0,))] overall_top3=[([23, 44, 6, 35, 15, 42], (264.0,), 0), ([46, 4, 26, 30, 32, 41], (271.0,), 0), ([23, 15, 2, 51, 29, 27], (276.0,), 0)]
gen=1 nevals=47 stats={'avg': np.float64(293.0857142857143), 'std': np.float64(11.64197192077363), 'min': np.float64(252.0), 'max': np.float64(300.0)} top3=[([32, 55, 59, 51, 39, 26], (252.0,)), ([4, 27, 26, 30, 32, 41], (254.0,)), ([23, 44, 6, 35, 15, 42], (264.0,))] overall_top3=[([32, 55, 59, 51, 39, 26], (252.0,), 1), ([4, 27, 26, 30, 32, 41], (254.0,), 1), ([23, 44, 6, 35, 15, 42], (264.0,), 0)]
gen=2 nevals=45 stats={'avg': np.float64(285.0), 'std': np.float64(15.646085772486357), 'min': np.float64(252.0), 'max': np.float64(300.0)} top3=[([32, 55, 59, 51, 39, 26], (252.0,)), ([32, 55, 59, 51, 39, 26], (252.0,)), ([32, 55, 59, 51, 39, 26], (252.0,))] overall_top3=[([32, 55, 59, 51, 39, 26], (252.0,), 1), ([4, 27, 26, 30, 32, 41], (254.0,), 1), ([23, 44, 6, 35, 15, 42], (264.0,), 0)]
gen=3 nevals=49 stats={'avg': np.float64(276.5), 'std': np.float64(17.94575158637832), 'min': np.float64(242.0), 'max': np.float64(300.0)} top3=[([32, 55, 59, 33, 17, 26], (242.0,)), ([32, 43, 59, 33, 37, 26], (244.0,)), ([19, 34, 6, 33, 17, 41], (250.0,))] overall_top3=[([32, 55, 59, 33, 17, 26], (242.0,), 3), ([32, 43, 59, 33, 37, 26], (244.0,), 3), ([19, 34, 6, 33, 17, 41], (250.0,), 3)]
gen=4 nevals=50 stats={'avg': np.float64(271.24285714285713), 'std': np.float64(20.629684378366537), 'min': np.float64(242.0), 'max': np.float64(300.0)} top3=[([32, 55, 59, 33, 17, 26], (242.0,)), ([32, 55, 59, 33, 17, 26], (242.0,)), ([32, 55, 59, 33, 17, 26], (242.0,))] overall_top3=[([32, 55, 59, 33, 17, 26], (242.0,), 3), ([32, 43, 59, 33, 37, 26], (244.0,), 3), ([19, 34, 6, 33, 17, 41], (250.0,), 3)]
gen=5 nevals=40 stats={'avg': np.float64(262.1714285714286), 'std': np.float64(19.521395901911927), 'min': np.float64(242.0), 'max': np.float64(300.0)} top3=[([32, 55, 59, 33, 17, 26], (242.0,)), ([32, 55, 59, 33, 17, 26], (242.0,)), ([32, 55, 59, 33, 17, 26], (242.0,))] overall_top3=[([32, 55, 59, 33, 17, 26], (242.0,), 3), ([32, 43, 59, 33, 37, 26], (244.0,), 3), ([19, 34, 6, 33, 17, 41], (250.0,), 3)]
gen=6 nevals=38 stats={'avg': np.float64(257.3285714285714), 'std': np.float64(17.374629639276947), 'min': np.float64(242.0), 'max': np.float64(300.0)} top3=[([32, 55, 59, 33, 17, 26], (242.0,)), ([32, 55, 59, 33, 17, 26], (242.0,)), ([32, 55, 59, 33, 17, 26], (242.0,))] overall_top3=[([32, 55, 59, 33, 17, 26], (242.0,), 3), ([32, 43, 59, 33, 37, 26], (244.0,), 3), ([19, 34, 6, 33, 17, 41], (250.0,), 3)]
gen=7 nevals=42 stats={'avg': np.float64(250.37142857142857), 'std': np.float64(13.758292490163813), 'min': np.float64(242.0), 'max': np.float64(300.0)} top3=[([32, 55, 59, 33, 17, 26], (242.0,)), ([32, 55, 59, 33, 17, 26], (242.0,)), ([32, 55, 59, 33, 17, 26], (242.0,))] overall_top3=[([32, 55, 59, 33, 17, 26], (242.0,), 3), ([32, 43, 59, 33, 37, 26], (244.0,), 3), ([19, 34, 6, 33, 17, 41], (250.0,), 3)]
gen=8 nevals=46 stats={'avg': np.float64(248.72857142857143), 'std': np.float64(17.248330294819368), 'min': np.float64(242.0), 'max': np.float64(300.0)} top3=[([32, 55, 59, 33, 17, 26], (242.0,)), ([32, 55, 59, 33, 17, 26], (242.0,)), ([32, 55, 59, 33, 17, 26], (242.0,))] overall_top3=[([32, 55, 59, 33, 17, 26], (242.0,), 3), ([32, 43, 59, 33, 37, 26], (244.0,), 3), ([19, 34, 6, 33, 17, 41], (250.0,), 3)]
gen=9 nevals=37 stats={'avg': np.float64(248.63571428571427), 'std': np.float64(18.127311956699767), 'min': np.float64(242.0), 'max': np.float64(300.0)} top3=[([32, 55, 59, 33, 17, 26], (242.0,)), ([32, 55, 59, 33, 17, 26], (242.0,)), ([32, 55, 59, 33, 17, 26], (242.0,))] overall_top3=[([32, 55, 59, 33, 17, 26], (242.0,), 3), ([32, 43, 59, 33, 37, 26], (244.0,), 3), ([19, 34, 6, 33, 17, 41], (250.0,), 3)]
gen=10 nevals=44 stats={'avg': np.float64(246.64285714285714), 'std': np.float64(14.984788205077187), 'min': np.float64(242.0), 'max': np.float64(300.0)} top3=[([32, 55, 59, 33, 17, 26], (242.0,)), ([32, 55, 59, 33, 17, 26], (242.0,)), ([32, 55, 59, 33, 17, 26], (242.0,))] overall_top3=[([32, 55, 59, 33, 17, 26], (242.0,), 3), ([32, 43, 59, 33, 37, 26], (244.0,), 3), ([19, 34, 6, 33, 17, 41], (250.0,), 3)]
gen=11 nevals=47 stats={'avg': np.float64(248.97142857142856), 'std': np.float64(18.21613996163953), 'min': np.float64(240.0), 'max': np.float64(300.0)} top3=[([32, 55, 59, 33, 14, 26], (240.0,)), ([32, 55, 59, 33, 17, 26], (242.0,)), ([32, 55, 59, 33, 17, 26], (242.0,))] overall_top3=[([32, 55, 59, 33, 14, 26], (240.0,), 11), ([32, 55, 59, 33, 17, 26], (242.0,), 3), ([32, 43, 59, 33, 37, 26], (244.0,), 3)]
gen=12 nevals=45 stats={'avg': np.float64(249.27142857142857), 'std': np.float64(18.285178563580963), 'min': np.float64(240.0), 'max': np.float64(300.0)} top3=[([32, 55, 59, 33, 14, 26], (240.0,)), ([32, 55, 59, 33, 17, 26], (242.0,)), ([32, 55, 59, 33, 17, 26], (242.0,))] overall_top3=[([32, 55, 59, 33, 14, 26], (240.0,), 11), ([32, 55, 59, 33, 17, 26], (242.0,), 3), ([32, 43, 59, 33, 37, 26], (244.0,), 3)]
gen=13 nevals=45 stats={'avg': np.float64(248.10714285714286), 'std': np.float64(17.706514712537476), 'min': np.float64(240.0), 'max': np.float64(300.0)} top3=[([32, 55, 59, 33, 14, 26], (240.0,)), ([32, 55, 59, 33, 14, 26], (240.0,)), ([32, 55, 59, 33, 14, 26], (240.0,))] overall_top3=[([32, 55, 59, 33, 14, 26], (240.0,), 11), ([32, 55, 59, 33, 17, 26], (242.0,), 3), ([32, 43, 59, 33, 37, 26], (244.0,), 3)]
gen=14 nevals=38 stats={'avg': np.float64(244.86428571428573), 'std': np.float64(13.61404774188659), 'min': np.float64(240.0), 'max': np.float64(300.0)} top3=[([32, 55, 59, 33, 14, 26], (240.0,)), ([32, 55, 59, 33, 14, 26], (240.0,)), ([32, 55, 59, 33, 14, 26], (240.0,))] overall_top3=[([32, 55, 59, 33, 14, 26], (240.0,), 11), ([32, 55, 59, 33, 17, 26], (242.0,), 3), ([32, 43, 59, 33, 37, 26], (244.0,), 3)]
gen=15 nevals=46 stats={'avg': np.float64(245.69285714285715), 'std': np.float64(15.549757200020581), 'min': np.float64(240.0), 'max': np.float64(300.0)} top3=[([32, 55, 59, 33, 14, 26], (240.0,)), ([32, 55, 59, 33, 14, 26], (240.0,)), ([32, 55, 59, 33, 14, 26], (240.0,))] overall_top3=[([32, 55, 59, 33, 14, 26], (240.0,), 11), ([32, 55, 59, 33, 17, 26], (242.0,), 3), ([32, 43, 59, 33, 37, 26], (244.0,), 3)]
gen=16 nevals=48 stats={'avg': np.float64(243.15), 'std': np.float64(11.870536755224798), 'min': np.float64(240.0), 'max': np.float64(300.0)} top3=[([32, 55, 59, 33, 14, 26], (240.0,)), ([32, 55, 59, 33, 14, 26], (240.0,)), ([32, 55, 59, 33, 14, 26], (240.0,))] overall_top3=[([32, 55, 59, 33, 14, 26], (240.0,), 11), ([32, 55, 59, 33, 17, 26], (242.0,), 3), ([32, 43, 59, 33, 37, 26], (244.0,), 3)]
gen=17 nevals=44 stats={'avg': np.float64(244.9142857142857), 'std': np.float64(15.822897384254667), 'min': np.float64(240.0), 'max': np.float64(300.0)} top3=[([32, 55, 59, 33, 14, 26], (240.0,)), ([32, 55, 59, 33, 14, 26], (240.0,)), ([32, 55, 59, 33, 14, 26], (240.0,))] overall_top3=[([32, 55, 59, 33, 14, 26], (240.0,), 11), ([32, 55, 59, 33, 17, 26], (242.0,), 3), ([32, 43, 59, 33, 37, 26], (244.0,), 3)]
gen=18 nevals=46 stats={'avg': np.float64(242.9), 'std': np.float64(12.116281843630318), 'min': np.float64(240.0), 'max': np.float64(300.0)} top3=[([32, 55, 59, 33, 14, 26], (240.0,)), ([32, 55, 59, 33, 14, 26], (240.0,)), ([32, 55, 59, 33, 14, 26], (240.0,))] overall_top3=[([32, 55, 59, 33, 14, 26], (240.0,), 11), ([32, 55, 59, 33, 17, 26], (242.0,), 3), ([32, 43, 59, 33, 37, 26], (244.0,), 3)]
gen=19 nevals=34 stats={'avg': np.float64(242.57142857142858), 'std': np.float64(12.152097324649562), 'min': np.float64(240.0), 'max': np.float64(300.0)} top3=[([32, 55, 59, 33, 14, 26], (240.0,)), ([32, 55, 59, 33, 27, 26], (240.0,)), ([32, 55, 59, 33, 14, 26], (240.0,))] overall_top3=[([32, 55, 59, 33, 14, 26], (240.0,), 11), ([32, 55, 59, 33, 27, 26], (240.0,), 19), ([32, 55, 59, 33, 17, 26], (242.0,), 3)]
gen=20 nevals=44 stats={'avg': np.float64(244.85714285714286), 'std': np.float64(15.318789316471747), 'min': np.float64(240.0), 'max': np.float64(300.0)} top3=[([32, 55, 59, 33, 14, 26], (240.0,)), ([32, 55, 59, 33, 14, 26], (240.0,)), ([32, 55, 59, 33, 14, 26], (240.0,))] overall_top3=[([32, 55, 59, 33, 14, 26], (240.0,), 11), ([32, 55, 59, 33, 27, 26], (240.0,), 19), ([32, 55, 59, 33, 17, 26], (242.0,), 3)]
gen=21 nevals=46 stats={'avg': np.float64(244.32857142857142), 'std': np.float64(14.734528378289282), 'min': np.float64(240.0), 'max': np.float64(300.0)} top3=[([32, 55, 59, 33, 14, 26], (240.0,)), ([32, 55, 59, 33, 14, 26], (240.0,)), ([32, 55, 59, 33, 14, 26], (240.0,))] overall_top3=[([32, 55, 59, 33, 14, 26], (240.0,), 11), ([32, 55, 59, 33, 27, 26], (240.0,), 19), ([32, 55, 59, 33, 17, 26], (242.0,), 3)]
gen=22 nevals=48 stats={'avg': np.float64(242.57142857142858), 'std': np.float64(12.152097324649562), 'min': np.float64(240.0), 'max': np.float64(300.0)} top3=[([32, 55, 59, 33, 14, 26], (240.0,)), ([32, 55, 59, 33, 14, 26], (240.0,)), ([32, 55, 59, 33, 14, 26], (240.0,))] overall_top3=[([32, 55, 59, 33, 14, 26], (240.0,), 11), ([32, 55, 59, 33, 27, 26], (240.0,), 19), ([32, 55, 59, 33, 17, 26], (242.0,), 3)]
gen=23 nevals=40 stats={'avg': np.float64(243.49285714285713), 'std': np.float64(13.392026640916617), 'min': np.float64(240.0), 'max': np.float64(300.0)} top3=[([32, 55, 59, 33, 14, 26], (240.0,)), ([32, 55, 59, 33, 14, 26], (240.0,)), ([32, 55, 59, 33, 14, 26], (240.0,))] overall_top3=[([32, 55, 59, 33, 14, 26], (240.0,), 11), ([32, 55, 59, 33, 27, 26], (240.0,), 19), ([32, 55, 59, 33, 17, 26], (242.0,), 3)]
gen=24 nevals=47 stats={'avg': np.float64(244.9), 'std': np.float64(15.527073130503375), 'min': np.float64(240.0), 'max': np.float64(300.0)} top3=[([32, 55, 59, 33, 14, 26], (240.0,)), ([32, 55, 59, 33, 14, 26], (240.0,)), ([32, 55, 59, 33, 14, 26], (240.0,))] overall_top3=[([32, 55, 59, 33, 14, 26], (240.0,), 11), ([32, 55, 59, 33, 27, 26], (240.0,), 19), ([32, 55, 59, 33, 17, 26], (242.0,), 3)]
gen=25 nevals=41 stats={'avg': np.float64(245.35714285714286), 'std': np.float64(16.721274485163008), 'min': np.float64(234.0), 'max': np.float64(300.0)} top3=[([32, 55, 59, 33, 14, 25], (234.0,)), ([32, 55, 59, 33, 14, 26], (240.0,)), ([32, 55, 59, 33, 14, 26], (240.0,))] overall_top3=[([32, 55, 59, 33, 14, 25], (234.0,), 25), ([32, 55, 59, 33, 14, 26], (240.0,), 11), ([32, 55, 59, 33, 27, 26], (240.0,), 19)]
gen=26 nevals=43 stats={'avg': np.float64(243.87142857142857), 'std': np.float64(15.199550208167748), 'min': np.float64(234.0), 'max': np.float64(300.0)} top3=[([32, 55, 59, 33, 14, 25], (234.0,)), ([32, 55, 59, 33, 14, 25], (234.0,)), ([32, 55, 59, 33, 14, 25], (234.0,))] overall_top3=[([32, 55, 59, 33, 14, 25], (234.0,), 25), ([32, 55, 59, 33, 14, 26], (240.0,), 11), ([32, 55, 59, 33, 27, 26], (240.0,), 19)]
gen=27 nevals=49 stats={'avg': np.float64(248.57142857142858), 'std': np.float64(20.88305630927443), 'min': np.float64(233.0), 'max': np.float64(300.0)} top3=[([32, 55, 59, 33, 14, 28], (233.0,)), ([32, 55, 59, 33, 14, 25], (234.0,)), ([32, 55, 59, 33, 14, 25], (234.0,))] overall_top3=[([32, 55, 59, 33, 14, 28], (233.0,), 27), ([32, 55, 59, 33, 14, 25], (234.0,), 25), ([32, 55, 59, 33, 14, 26], (240.0,), 11)]
gen=28 nevals=50 stats={'avg': np.float64(246.04285714285714), 'std': np.float64(19.096324039896647), 'min': np.float64(233.0), 'max': np.float64(300.0)} top3=[([32, 55, 59, 33, 14, 28], (233.0,)), ([32, 55, 59, 33, 14, 28], (233.0,)), ([32, 55, 59, 33, 14, 28], (233.0,))] overall_top3=[([32, 55, 59, 33, 14, 28], (233.0,), 27), ([32, 55, 59, 33, 14, 25], (234.0,), 25), ([32, 55, 59, 33, 14, 26], (240.0,), 11)]
gen=29 nevals=47 stats={'avg': np.float64(243.78571428571428), 'std': np.float64(19.65988872017835), 'min': np.float64(233.0), 'max': np.float64(300.0)} top3=[([32, 55, 59, 33, 14, 28], (233.0,)), ([32, 55, 59, 33, 14, 28], (233.0,)), ([32, 55, 59, 33, 14, 28], (233.0,))] overall_top3=[([32, 55, 59, 33, 14, 28], (233.0,), 27), ([32, 55, 59, 33, 14, 25], (234.0,), 25), ([32, 55, 59, 33, 14, 26], (240.0,), 11)]
gen=30 nevals=45 stats={'avg': np.float64(240.5857142857143), 'std': np.float64(19.05967535111225), 'min': np.float64(233.0), 'max': np.float64(300.0)} top3=[([32, 55, 59, 33, 14, 28], (233.0,)), ([32, 55, 59, 33, 14, 28], (233.0,)), ([32, 55, 59, 33, 14, 28], (233.0,))] overall_top3=[([32, 55, 59, 33, 14, 28], (233.0,), 27), ([32, 55, 59, 33, 14, 25], (234.0,), 25), ([32, 55, 59, 33, 14, 26], (240.0,), 11)]
gen=31 nevals=43 stats={'avg': np.float64(237.92857142857142), 'std': np.float64(15.600660634886523), 'min': np.float64(233.0), 'max': np.float64(300.0)} top3=[([32, 55, 59, 33, 14, 28], (233.0,)), ([32, 55, 59, 33, 14, 28], (233.0,)), ([32, 55, 59, 33, 14, 28], (233.0,))] overall_top3=[([32, 55, 59, 33, 14, 28], (233.0,), 27), ([32, 55, 59, 33, 14, 25], (234.0,), 25), ([32, 55, 59, 33, 14, 26], (240.0,), 11)]
gen=32 nevals=37 stats={'avg': np.float64(239.05714285714285), 'std': np.float64(18.592537454032247), 'min': np.float64(233.0), 'max': np.float64(300.0)} top3=[([32, 55, 59, 33, 14, 28], (233.0,)), ([32, 55, 59, 33, 14, 28], (233.0,)), ([32, 55, 59, 33, 14, 28], (233.0,))] overall_top3=[([32, 55, 59, 33, 14, 28], (233.0,), 27), ([32, 55, 59, 33, 14, 25], (234.0,), 25), ([32, 55, 59, 33, 14, 26], (240.0,), 11)]
gen=33 nevals=47 stats={'avg': np.float64(235.7), 'std': np.float64(11.725856654663412), 'min': np.float64(233.0), 'max': np.float64(300.0)} top3=[([32, 55, 59, 33, 14, 28], (233.0,)), ([32, 55, 59, 33, 14, 28], (233.0,)), ([32, 55, 59, 33, 14, 28], (233.0,))] overall_top3=[([32, 55, 59, 33, 14, 28], (233.0,), 27), ([32, 55, 59, 33, 14, 25], (234.0,), 25), ([32, 55, 59, 33, 14, 26], (240.0,), 11)]
gen=34 nevals=46 stats={'avg': np.float64(236.4857142857143), 'std': np.float64(13.92915017112659), 'min': np.float64(233.0), 'max': np.float64(300.0)} top3=[([32, 55, 59, 33, 14, 28], (233.0,)), ([32, 55, 59, 33, 14, 28], (233.0,)), ([32, 55, 59, 33, 14, 28], (233.0,))] overall_top3=[([32, 55, 59, 33, 14, 28], (233.0,), 27), ([32, 55, 59, 33, 14, 25], (234.0,), 25), ([32, 55, 59, 33, 14, 26], (240.0,), 11)]
gen=35 nevals=43 stats={'avg': np.float64(238.38571428571427), 'std': np.float64(17.667801914493943), 'min': np.float64(228.0), 'max': np.float64(300.0)} top3=[([22, 55, 59, 33, 14, 28], (228.0,)), ([32, 55, 59, 33, 14, 28], (233.0,)), ([32, 55, 59, 33, 14, 28], (233.0,))] overall_top3=[([22, 55, 59, 33, 14, 28], (228.0,), 35), ([32, 55, 59, 33, 14, 28], (233.0,), 27), ([32, 55, 59, 33, 14, 25], (234.0,), 25)]
gen=36 nevals=35 stats={'avg': np.float64(236.5), 'std': np.float64(14.41105726269143), 'min': np.float64(228.0), 'max': np.float64(300.0)} top3=[([22, 55, 59, 33, 14, 28], (228.0,)), ([22, 55, 59, 33, 14, 28], (228.0,)), ([22, 55, 59, 33, 14, 28], (228.0,))] overall_top3=[([22, 55, 59, 33, 14, 28], (228.0,), 35), ([32, 55, 59, 33, 14, 28], (233.0,), 27), ([32, 55, 59, 33, 14, 25], (234.0,), 25)]
gen=37 nevals=48 stats={'avg': np.float64(236.82142857142858), 'std': np.float64(17.016805918663746), 'min': np.float64(228.0), 'max': np.float64(300.0)} top3=[([22, 55, 59, 33, 14, 28], (228.0,)), ([22, 55, 59, 33, 14, 28], (228.0,)), ([22, 55, 59, 33, 14, 28], (228.0,))] overall_top3=[([22, 55, 59, 33, 14, 28], (228.0,), 35), ([32, 55, 59, 33, 14, 28], (233.0,), 27), ([32, 55, 59, 33, 14, 25], (234.0,), 25)]
gen=38 nevals=41 stats={'avg': np.float64(236.25714285714287), 'std': np.float64(16.579406946386158), 'min': np.float64(228.0), 'max': np.float64(300.0)} top3=[([22, 55, 59, 33, 14, 28], (228.0,)), ([22, 55, 59, 33, 14, 28], (228.0,)), ([22, 55, 59, 33, 14, 28], (228.0,))] overall_top3=[([22, 55, 59, 33, 14, 28], (228.0,), 35), ([32, 55, 59, 33, 14, 28], (233.0,), 27), ([32, 55, 59, 33, 14, 25], (234.0,), 25)]
gen=39 nevals=39 stats={'avg': np.float64(237.12857142857143), 'std': np.float64(20.543279351910016), 'min': np.float64(228.0), 'max': np.float64(300.0)} top3=[([22, 55, 59, 33, 14, 28], (228.0,)), ([22, 55, 59, 33, 14, 28], (228.0,)), ([22, 55, 59, 33, 14, 28], (228.0,))] overall_top3=[([22, 55, 59, 33, 14, 28], (228.0,), 35), ([32, 55, 59, 33, 14, 28], (233.0,), 27), ([32, 55, 59, 33, 14, 25], (234.0,), 25)]
gen=40 nevals=48 stats={'avg': np.float64(228.87142857142857), 'std': np.float64(4.140122249994313), 'min': np.float64(228.0), 'max': np.float64(261.0)} top3=[([22, 55, 59, 33, 14, 28], (228.0,)), ([22, 55, 59, 33, 14, 28], (228.0,)), ([22, 55, 59, 33, 14, 28], (228.0,))] overall_top3=[([22, 55, 59, 33, 14, 28], (228.0,), 35), ([32, 55, 59, 33, 14, 28], (233.0,), 27), ([32, 55, 59, 33, 14, 25], (234.0,), 25)]
gen=41 nevals=48 stats={'avg': np.float64(234.38571428571427), 'std': np.float64(19.274922906751783), 'min': np.float64(228.0), 'max': np.float64(301.0)} top3=[([22, 55, 59, 33, 14, 28], (228.0,)), ([22, 55, 59, 33, 14, 28], (228.0,)), ([22, 55, 59, 33, 14, 28], (228.0,))] overall_top3=[([22, 55, 59, 33, 14, 28], (228.0,), 35), ([32, 55, 59, 33, 14, 28], (233.0,), 27), ([32, 55, 59, 33, 14, 25], (234.0,), 25)]
gen=42 nevals=50 stats={'avg': np.float64(236.1), 'std': np.float64(22.478338779494234), 'min': np.float64(228.0), 'max': np.float64(300.0)} top3=[([22, 55, 59, 33, 14, 28], (228.0,)), ([22, 55, 59, 33, 14, 28], (228.0,)), ([22, 55, 59, 33, 14, 28], (228.0,))] overall_top3=[([22, 55, 59, 33, 14, 28], (228.0,), 35), ([32, 55, 59, 33, 14, 28], (233.0,), 27), ([32, 55, 59, 33, 14, 25], (234.0,), 25)]
gen=43 nevals=46 stats={'avg': np.float64(238.2), 'std': np.float64(23.700271246187402), 'min': np.float64(228.0), 'max': np.float64(300.0)} top3=[([22, 55, 59, 33, 14, 28], (228.0,)), ([22, 55, 59, 33, 14, 28], (228.0,)), ([22, 55, 59, 33, 14, 28], (228.0,))] overall_top3=[([22, 55, 59, 33, 14, 28], (228.0,), 35), ([32, 55, 59, 33, 14, 28], (233.0,), 27), ([32, 55, 59, 33, 14, 25], (234.0,), 25)]
gen=44 nevals=49 stats={'avg': np.float64(238.94285714285715), 'std': np.float64(24.11335475521854), 'min': np.float64(228.0), 'max': np.float64(300.0)} top3=[([22, 55, 59, 33, 14, 28], (228.0,)), ([22, 55, 59, 33, 14, 28], (228.0,)), ([22, 55, 59, 33, 14, 28], (228.0,))] overall_top3=[([22, 55, 59, 33, 14, 28], (228.0,), 35), ([32, 55, 59, 33, 14, 28], (233.0,), 27), ([32, 55, 59, 33, 14, 25], (234.0,), 25)]
gen=45 nevals=38 stats={'avg': np.float64(233.52857142857144), 'std': np.float64(18.711891886155808), 'min': np.float64(228.0), 'max': np.float64(300.0)} top3=[([22, 55, 59, 33, 14, 28], (228.0,)), ([22, 55, 59, 33, 14, 28], (228.0,)), ([22, 55, 59, 33, 14, 28], (228.0,))] overall_top3=[([22, 55, 59, 33, 14, 28], (228.0,), 35), ([32, 55, 59, 33, 14, 28], (233.0,), 27), ([32, 55, 59, 33, 14, 25], (234.0,), 25)]
gen=46 nevals=44 stats={'avg': np.float64(233.02857142857144), 'std': np.float64(17.346857622859396), 'min': np.float64(228.0), 'max': np.float64(300.0)} top3=[([22, 55, 59, 33, 14, 28], (228.0,)), ([22, 55, 59, 33, 14, 28], (228.0,)), ([22, 55, 59, 33, 14, 28], (228.0,))] overall_top3=[([22, 55, 59, 33, 14, 28], (228.0,), 35), ([32, 55, 59, 33, 14, 28], (233.0,), 27), ([32, 55, 59, 33, 14, 25], (234.0,), 25)]
gen=47 nevals=43 stats={'avg': np.float64(237.85714285714286), 'std': np.float64(22.920537088126082), 'min': np.float64(228.0), 'max': np.float64(300.0)} top3=[([22, 55, 59, 33, 14, 28], (228.0,)), ([22, 55, 59, 33, 14, 28], (228.0,)), ([22, 55, 59, 33, 14, 28], (228.0,))] overall_top3=[([22, 55, 59, 33, 14, 28], (228.0,), 35), ([32, 55, 59, 33, 14, 28], (233.0,), 27), ([32, 55, 59, 33, 14, 25], (234.0,), 25)]
gen=48 nevals=46 stats={'avg': np.float64(232.60714285714286), 'std': np.float64(16.087460257946887), 'min': np.float64(228.0), 'max': np.float64(300.0)} top3=[([22, 55, 59, 33, 14, 28], (228.0,)), ([22, 55, 59, 33, 14, 28], (228.0,)), ([22, 55, 59, 33, 14, 28], (228.0,))] overall_top3=[([22, 55, 59, 33, 14, 28], (228.0,), 35), ([32, 55, 59, 33, 14, 28], (233.0,), 27), ([32, 55, 59, 33, 14, 25], (234.0,), 25)]
gen=49 nevals=34 stats={'avg': np.float64(235.75714285714287), 'std': np.float64(21.534978665474664), 'min': np.float64(228.0), 'max': np.float64(300.0)} top3=[([22, 55, 59, 33, 14, 28], (228.0,)), ([22, 55, 59, 33, 14, 28], (228.0,)), ([22, 55, 59, 33, 14, 28], (228.0,))] overall_top3=[([22, 55, 59, 33, 14, 28], (228.0,), 35), ([32, 55, 59, 33, 14, 28], (233.0,), 27), ([32, 55, 59, 33, 14, 25], (234.0,), 25)]
gen=50 nevals=38 stats={'avg': np.float64(234.72857142857143), 'std': np.float64(20.51335553004532), 'min': np.float64(228.0), 'max': np.float64(300.0)} top3=[([22, 55, 59, 33, 14, 28], (228.0,)), ([22, 55, 59, 33, 14, 28], (228.0,)), ([22, 55, 59, 33, 14, 28], (228.0,))] overall_top3=[([22, 55, 59, 33, 14, 28], (228.0,), 35), ([32, 55, 59, 33, 14, 28], (233.0,), 27), ([32, 55, 59, 33, 14, 25], (234.0,), 25)]
gen=51 nevals=39 stats={'avg': np.float64(231.62142857142857), 'std': np.float64(14.968165197770738), 'min': np.float64(228.0), 'max': np.float64(300.0)} top3=[([22, 55, 59, 33, 14, 28], (228.0,)), ([22, 55, 59, 33, 14, 28], (228.0,)), ([22, 55, 59, 33, 14, 28], (228.0,))] overall_top3=[([22, 55, 59, 33, 14, 28], (228.0,), 35), ([32, 55, 59, 33, 14, 28], (233.0,), 27), ([32, 55, 59, 33, 14, 25], (234.0,), 25)]
gen=52 nevals=51 stats={'avg': np.float64(236.79285714285714), 'std': np.float64(22.72985652288682), 'min': np.float64(228.0), 'max': np.float64(300.0)} top3=[([22, 55, 59, 33, 14, 28], (228.0,)), ([22, 55, 59, 33, 14, 28], (228.0,)), ([22, 55, 59, 33, 14, 28], (228.0,))] overall_top3=[([22, 55, 59, 33, 14, 28], (228.0,), 35), ([32, 55, 59, 33, 14, 28], (233.0,), 27), ([32, 55, 59, 33, 14, 25], (234.0,), 25)]
gen=53 nevals=49 stats={'avg': np.float64(235.15), 'std': np.float64(20.268087160431723), 'min': np.float64(228.0), 'max': np.float64(300.0)} top3=[([22, 55, 59, 33, 14, 28], (228.0,)), ([22, 55, 59, 33, 14, 28], (228.0,)), ([22, 55, 59, 33, 14, 28], (228.0,))] overall_top3=[([22, 55, 59, 33, 14, 28], (228.0,), 35), ([32, 55, 59, 33, 14, 28], (233.0,), 27), ([32, 55, 59, 33, 14, 25], (234.0,), 25)]
gen=54 nevals=43 stats={'avg': np.float64(234.3), 'std': np.float64(20.144726357039453), 'min': np.float64(228.0), 'max': np.float64(300.0)} top3=[([22, 55, 59, 33, 14, 28], (228.0,)), ([22, 55, 59, 33, 14, 28], (228.0,)), ([22, 55, 59, 33, 14, 28], (228.0,))] overall_top3=[([22, 55, 59, 33, 14, 28], (228.0,), 35), ([32, 55, 59, 33, 14, 28], (233.0,), 27), ([32, 55, 59, 33, 14, 25], (234.0,), 25)]
gen=55 nevals=51 stats={'avg': np.float64(233.27142857142857), 'std': np.float64(18.537931329012512), 'min': np.float64(228.0), 'max': np.float64(300.0)} top3=[([22, 55, 59, 33, 14, 28], (228.0,)), ([22, 55, 59, 33, 14, 28], (228.0,)), ([22, 55, 59, 33, 14, 28], (228.0,))] overall_top3=[([22, 55, 59, 33, 14, 28], (228.0,), 35), ([32, 55, 59, 33, 14, 28], (233.0,), 27), ([32, 55, 59, 33, 14, 25], (234.0,), 25)]
gen=56 nevals=38 stats={'avg': np.float64(231.24285714285713), 'std': np.float64(14.607665027341653), 'min': np.float64(228.0), 'max': np.float64(300.0)} top3=[([22, 55, 59, 33, 14, 28], (228.0,)), ([22, 55, 59, 33, 14, 28], (228.0,)), ([22, 55, 59, 33, 14, 28], (228.0,))] overall_top3=[([22, 55, 59, 33, 14, 28], (228.0,), 35), ([32, 55, 59, 33, 14, 28], (233.0,), 27), ([32, 55, 59, 33, 14, 25], (234.0,), 25)]
gen=57 nevals=42 stats={'avg': np.float64(234.22857142857143), 'std': np.float64(19.36043198202489), 'min': np.float64(228.0), 'max': np.float64(300.0)} top3=[([22, 55, 59, 33, 14, 28], (228.0,)), ([22, 55, 59, 33, 14, 28], (228.0,)), ([22, 55, 59, 33, 14, 28], (228.0,))] overall_top3=[([22, 55, 59, 33, 14, 28], (228.0,), 35), ([32, 55, 59, 33, 14, 28], (233.0,), 27), ([32, 55, 59, 33, 14, 25], (234.0,), 25)]
gen=58 nevals=41 stats={'avg': np.float64(231.21428571428572), 'std': np.float64(14.586336911294623), 'min': np.float64(228.0), 'max': np.float64(300.0)} top3=[([22, 55, 59, 33, 14, 28], (228.0,)), ([22, 55, 59, 33, 14, 28], (228.0,)), ([22, 55, 59, 33, 14, 28], (228.0,))] overall_top3=[([22, 55, 59, 33, 14, 28], (228.0,), 35), ([32, 55, 59, 33, 14, 28], (233.0,), 27), ([32, 55, 59, 33, 14, 25], (234.0,), 25)]
gen=59 nevals=38 stats={'avg': np.float64(233.52142857142857), 'std': np.float64(18.61344285998807), 'min': np.float64(228.0), 'max': np.float64(300.0)} top3=[([22, 55, 59, 33, 14, 28], (228.0,)), ([22, 55, 59, 33, 14, 28], (228.0,)), ([22, 55, 59, 33, 14, 28], (228.0,))] overall_top3=[([22, 55, 59, 33, 14, 28], (228.0,), 35), ([32, 55, 59, 33, 14, 28], (233.0,), 27), ([32, 55, 59, 33, 14, 25], (234.0,), 25)]
gen=60 nevals=49 stats={'avg': np.float64(233.45), 'std': np.float64(17.424971817972704), 'min': np.float64(228.0), 'max': np.float64(300.0)} top3=[([22, 55, 59, 33, 14, 28], (228.0,)), ([22, 55, 59, 33, 14, 28], (228.0,)), ([22, 55, 59, 33, 14, 28], (228.0,))] overall_top3=[([22, 55, 59, 33, 14, 28], (228.0,), 35), ([32, 55, 59, 33, 14, 28], (233.0,), 27), ([32, 55, 59, 33, 14, 25], (234.0,), 25)]
gen=61 nevals=46 stats={'avg': np.float64(231.57142857142858), 'std': np.float64(14.456408789946448), 'min': np.float64(228.0), 'max': np.float64(300.0)} top3=[([22, 55, 59, 33, 14, 28], (228.0,)), ([22, 55, 59, 33, 14, 28], (228.0,)), ([22, 55, 59, 33, 14, 28], (228.0,))] overall_top3=[([22, 55, 59, 33, 14, 28], (228.0,), 35), ([32, 55, 59, 33, 14, 28], (233.0,), 27), ([32, 55, 59, 33, 14, 25], (234.0,), 25)]
gen=62 nevals=35 stats={'avg': np.float64(235.81428571428572), 'std': np.float64(21.520782551586105), 'min': np.float64(228.0), 'max': np.float64(300.0)} top3=[([22, 55, 59, 33, 14, 28], (228.0,)), ([22, 55, 59, 33, 14, 28], (228.0,)), ([22, 55, 59, 33, 14, 28], (228.0,))] overall_top3=[([22, 55, 59, 33, 14, 28], (228.0,), 35), ([32, 55, 59, 33, 14, 28], (233.0,), 27), ([32, 55, 59, 33, 14, 25], (234.0,), 25)]
gen=63 nevals=45 stats={'avg': np.float64(236.75714285714287), 'std': np.float64(22.968572139391885), 'min': np.float64(228.0), 'max': np.float64(300.0)} top3=[([22, 55, 59, 33, 14, 28], (228.0,)), ([22, 55, 59, 33, 14, 28], (228.0,)), ([22, 55, 59, 33, 14, 28], (228.0,))] overall_top3=[([22, 55, 59, 33, 14, 28], (228.0,), 35), ([32, 55, 59, 33, 14, 28], (233.0,), 27), ([32, 55, 59, 33, 14, 25], (234.0,), 25)]
gen=64 nevals=43 stats={'avg': np.float64(238.92857142857142), 'std': np.float64(24.76003198046136), 'min': np.float64(228.0), 'max': np.float64(300.0)} top3=[([22, 55, 59, 33, 14, 28], (228.0,)), ([22, 55, 59, 33, 14, 28], (228.0,)), ([22, 55, 59, 33, 14, 28], (228.0,))] overall_top3=[([22, 55, 59, 33, 14, 28], (228.0,), 35), ([32, 55, 59, 33, 14, 28], (233.0,), 27), ([32, 55, 59, 33, 14, 25], (234.0,), 25)]
gen=65 nevals=39 stats={'avg': np.float64(232.92857142857142), 'std': np.float64(17.204087079670863), 'min': np.float64(228.0), 'max': np.float64(300.0)} top3=[([22, 55, 59, 33, 14, 28], (228.0,)), ([22, 55, 59, 33, 14, 28], (228.0,)), ([22, 55, 59, 33, 14, 28], (228.0,))] overall_top3=[([22, 55, 59, 33, 14, 28], (228.0,), 35), ([32, 55, 59, 33, 14, 28], (233.0,), 27), ([32, 55, 59, 33, 14, 25], (234.0,), 25)]
gen=66 nevals=40 stats={'avg': np.float64(233.80714285714285), 'std': np.float64(18.350417055817804), 'min': np.float64(228.0), 'max': np.float64(300.0)} top3=[([22, 55, 59, 33, 14, 28], (228.0,)), ([22, 55, 59, 33, 14, 28], (228.0,)), ([22, 55, 59, 33, 14, 28], (228.0,))] overall_top3=[([22, 55, 59, 33, 14, 28], (228.0,), 35), ([32, 55, 59, 33, 14, 28], (233.0,), 27), ([32, 55, 59, 33, 14, 25], (234.0,), 25)]
gen=67 nevals=38 stats={'avg': np.float64(231.6642857142857), 'std': np.float64(15.21857920639192), 'min': np.float64(228.0), 'max': np.float64(300.0)} top3=[([22, 55, 59, 33, 14, 28], (228.0,)), ([22, 55, 59, 33, 13, 28], (228.0,)), ([22, 55, 59, 33, 14, 28], (228.0,))] overall_top3=[([22, 55, 59, 33, 14, 28], (228.0,), 35), ([22, 55, 59, 33, 13, 28], (228.0,), 67), ([32, 55, 59, 33, 14, 28], (233.0,), 27)]
gen=68 nevals=48 stats={'avg': np.float64(235.1642857142857), 'std': np.float64(21.069226277164695), 'min': np.float64(228.0), 'max': np.float64(300.0)} top3=[([22, 55, 59, 33, 14, 28], (228.0,)), ([22, 55, 59, 33, 14, 28], (228.0,)), ([22, 55, 59, 33, 14, 28], (228.0,))] overall_top3=[([22, 55, 59, 33, 14, 28], (228.0,), 35), ([22, 55, 59, 33, 13, 28], (228.0,), 67), ([32, 55, 59, 33, 14, 28], (233.0,), 27)]
gen=69 nevals=43 stats={'avg': np.float64(234.88571428571427), 'std': np.float64(20.772607551527948), 'min': np.float64(228.0), 'max': np.float64(300.0)} top3=[([22, 55, 59, 33, 14, 28], (228.0,)), ([22, 55, 59, 33, 14, 28], (228.0,)), ([22, 55, 59, 33, 14, 28], (228.0,))] overall_top3=[([22, 55, 59, 33, 14, 28], (228.0,), 35), ([22, 55, 59, 33, 13, 28], (228.0,), 67), ([32, 55, 59, 33, 14, 28], (233.0,), 27)]
gen=70 nevals=55 stats={'avg': np.float64(232.74285714285713), 'std': np.float64(16.41813954510221), 'min': np.float64(228.0), 'max': np.float64(300.0)} top3=[([22, 55, 59, 33, 14, 28], (228.0,)), ([22, 55, 59, 33, 14, 28], (228.0,)), ([22, 55, 59, 33, 14, 28], (228.0,))] overall_top3=[([22, 55, 59, 33, 14, 28], (228.0,), 35), ([22, 55, 59, 33, 13, 28], (228.0,), 67), ([32, 55, 59, 33, 14, 28], (233.0,), 27)]
gen=71 nevals=42 stats={'avg': np.float64(232.25), 'std': np.float64(15.610836437734983), 'min': np.float64(228.0), 'max': np.float64(300.0)} top3=[([22, 55, 59, 33, 14, 28], (228.0,)), ([22, 55, 59, 33, 13, 28], (228.0,)), ([22, 55, 59, 33, 14, 28], (228.0,))] overall_top3=[([22, 55, 59, 33, 14, 28], (228.0,), 35), ([22, 55, 59, 33, 13, 28], (228.0,), 67), ([32, 55, 59, 33, 14, 28], (233.0,), 27)]
gen=72 nevals=51 stats={'avg': np.float64(234.17857142857142), 'std': np.float64(20.15370148815024), 'min': np.float64(228.0), 'max': np.float64(300.0)} top3=[([22, 55, 59, 33, 13, 28], (228.0,)), ([22, 55, 59, 33, 14, 28], (228.0,)), ([22, 55, 59, 33, 14, 28], (228.0,))] overall_top3=[([22, 55, 59, 33, 14, 28], (228.0,), 35), ([22, 55, 59, 33, 13, 28], (228.0,), 67), ([32, 55, 59, 33, 14, 28], (233.0,), 27)]
gen=73 nevals=43 stats={'avg': np.float64(235.94285714285715), 'std': np.float64(22.224751783467333), 'min': np.float64(228.0), 'max': np.float64(300.0)} top3=[([22, 55, 59, 33, 14, 28], (228.0,)), ([22, 55, 59, 33, 14, 28], (228.0,)), ([22, 55, 59, 33, 14, 28], (228.0,))] overall_top3=[([22, 55, 59, 33, 14, 28], (228.0,), 35), ([22, 55, 59, 33, 13, 28], (228.0,), 67), ([32, 55, 59, 33, 14, 28], (233.0,), 27)]
gen=74 nevals=42 stats={'avg': np.float64(234.03571428571428), 'std': np.float64(17.728169962071142), 'min': np.float64(228.0), 'max': np.float64(300.0)} top3=[([22, 55, 59, 33, 14, 28], (228.0,)), ([22, 55, 59, 33, 14, 28], (228.0,)), ([22, 55, 59, 33, 14, 28], (228.0,))] overall_top3=[([22, 55, 59, 33, 14, 28], (228.0,), 35), ([22, 55, 59, 33, 13, 28], (228.0,), 67), ([32, 55, 59, 33, 14, 28], (233.0,), 27)]
gen=75 nevals=48 stats={'avg': np.float64(231.81428571428572), 'std': np.float64(13.722029063977859), 'min': np.float64(228.0), 'max': np.float64(300.0)} top3=[([22, 55, 59, 33, 14, 28], (228.0,)), ([22, 55, 59, 33, 14, 28], (228.0,)), ([22, 55, 59, 33, 14, 28], (228.0,))] overall_top3=[([22, 55, 59, 33, 14, 28], (228.0,), 35), ([22, 55, 59, 33, 13, 28], (228.0,), 67), ([32, 55, 59, 33, 14, 28], (233.0,), 27)]
gen=76 nevals=42 stats={'avg': np.float64(232.47857142857143), 'std': np.float64(16.114420275527333), 'min': np.float64(228.0), 'max': np.float64(300.0)} top3=[([22, 55, 59, 33, 14, 28], (228.0,)), ([22, 55, 59, 33, 14, 28], (228.0,)), ([22, 55, 59, 33, 14, 28], (228.0,))] overall_top3=[([22, 55, 59, 33, 14, 28], (228.0,), 35), ([22, 55, 59, 33, 13, 28], (228.0,), 67), ([32, 55, 59, 33, 14, 28], (233.0,), 27)]
gen=77 nevals=36 stats={'avg': np.float64(232.67142857142858), 'std': np.float64(16.629338470281482), 'min': np.float64(228.0), 'max': np.float64(300.0)} top3=[([22, 55, 59, 33, 14, 28], (228.0,)), ([22, 55, 59, 33, 14, 28], (228.0,)), ([22, 55, 59, 33, 14, 28], (228.0,))] overall_top3=[([22, 55, 59, 33, 14, 28], (228.0,), 35), ([22, 55, 59, 33, 13, 28], (228.0,), 67), ([32, 55, 59, 33, 14, 28], (233.0,), 27)]
gen=78 nevals=40 stats={'avg': np.float64(235.28571428571428), 'std': np.float64(19.824330546897496), 'min': np.float64(228.0), 'max': np.float64(300.0)} top3=[([22, 55, 59, 33, 14, 28], (228.0,)), ([22, 55, 59, 33, 14, 28], (228.0,)), ([22, 55, 59, 33, 14, 28], (228.0,))] overall_top3=[([22, 55, 59, 33, 14, 28], (228.0,), 35), ([22, 55, 59, 33, 13, 28], (228.0,), 67), ([32, 55, 59, 33, 14, 28], (233.0,), 27)]
gen=79 nevals=49 stats={'avg': np.float64(231.81428571428572), 'std': np.float64(14.996468972149845), 'min': np.float64(228.0), 'max': np.float64(300.0)} top3=[([22, 55, 59, 33, 14, 28], (228.0,)), ([22, 55, 59, 33, 14, 28], (228.0,)), ([22, 55, 59, 33, 14, 28], (228.0,))] overall_top3=[([22, 55, 59, 33, 14, 28], (228.0,), 35), ([22, 55, 59, 33, 13, 28], (228.0,), 67), ([32, 55, 59, 33, 14, 28], (233.0,), 27)]
gen=80 nevals=48 stats={'avg': np.float64(236.05714285714285), 'std': np.float64(21.235170095376954), 'min': np.float64(228.0), 'max': np.float64(300.0)} top3=[([22, 55, 59, 33, 14, 28], (228.0,)), ([22, 55, 59, 33, 14, 28], (228.0,)), ([22, 55, 59, 33, 14, 28], (228.0,))] overall_top3=[([22, 55, 59, 33, 14, 28], (228.0,), 35), ([22, 55, 59, 33, 13, 28], (228.0,), 67), ([32, 55, 59, 33, 14, 28], (233.0,), 27)]
gen=81 nevals=37 stats={'avg': np.float64(236.97142857142856), 'std': np.float64(23.11707558653277), 'min': np.float64(228.0), 'max': np.float64(300.0)} top3=[([22, 55, 59, 33, 14, 28], (228.0,)), ([22, 55, 59, 33, 14, 28], (228.0,)), ([22, 55, 59, 33, 14, 28], (228.0,))] overall_top3=[([22, 55, 59, 33, 14, 28], (228.0,), 35), ([22, 55, 59, 33, 13, 28], (228.0,), 67), ([32, 55, 59, 33, 14, 28], (233.0,), 27)]
gen=82 nevals=47 stats={'avg': np.float64(238.5857142857143), 'std': np.float64(25.129517565230422), 'min': np.float64(228.0), 'max': np.float64(300.0)} top3=[([22, 55, 59, 33, 14, 28], (228.0,)), ([22, 55, 59, 33, 14, 28], (228.0,)), ([22, 55, 59, 33, 14, 28], (228.0,))] overall_top3=[([22, 55, 59, 33, 14, 28], (228.0,), 35), ([22, 55, 59, 33, 13, 28], (228.0,), 67), ([32, 55, 59, 33, 14, 28], (233.0,), 27)]
gen=83 nevals=47 stats={'avg': np.float64(234.02857142857144), 'std': np.float64(19.073520484521715), 'min': np.float64(228.0), 'max': np.float64(301.0)} top3=[([22, 55, 59, 33, 14, 28], (228.0,)), ([22, 55, 59, 33, 14, 28], (228.0,)), ([22, 55, 59, 33, 14, 28], (228.0,))] overall_top3=[([22, 55, 59, 33, 14, 28], (228.0,), 35), ([22, 55, 59, 33, 13, 28], (228.0,), 67), ([32, 55, 59, 33, 14, 28], (233.0,), 27)]
gen=84 nevals=44 stats={'avg': np.float64(236.53571428571428), 'std': np.float64(22.403813678633796), 'min': np.float64(228.0), 'max': np.float64(300.0)} top3=[([22, 55, 59, 33, 14, 28], (228.0,)), ([22, 55, 59, 33, 14, 28], (228.0,)), ([22, 55, 59, 33, 14, 28], (228.0,))] overall_top3=[([22, 55, 59, 33, 14, 28], (228.0,), 35), ([22, 55, 59, 33, 13, 28], (228.0,), 67), ([32, 55, 59, 33, 14, 28], (233.0,), 27)]
gen=85 nevals=42 stats={'avg': np.float64(232.28571428571428), 'std': np.float64(15.966163200560707), 'min': np.float64(228.0), 'max': np.float64(300.0)} top3=[([22, 55, 59, 33, 14, 28], (228.0,)), ([22, 55, 59, 33, 14, 28], (228.0,)), ([22, 55, 59, 33, 14, 28], (228.0,))] overall_top3=[([22, 55, 59, 33, 14, 28], (228.0,), 35), ([22, 55, 59, 33, 13, 28], (228.0,), 67), ([32, 55, 59, 33, 14, 28], (233.0,), 27)]
gen=86 nevals=44 stats={'avg': np.float64(234.17857142857142), 'std': np.float64(20.15370148815024), 'min': np.float64(228.0), 'max': np.float64(300.0)} top3=[([22, 55, 59, 33, 14, 28], (228.0,)), ([22, 55, 59, 33, 14, 28], (228.0,)), ([22, 55, 59, 33, 14, 28], (228.0,))] overall_top3=[([22, 55, 59, 33, 14, 28], (228.0,), 35), ([22, 55, 59, 33, 13, 28], (228.0,), 67), ([32, 55, 59, 33, 14, 28], (233.0,), 27)]
gen=87 nevals=38 stats={'avg': np.float64(232.28571428571428), 'std': np.float64(15.638453391873382), 'min': np.float64(228.0), 'max': np.float64(300.0)} top3=[([22, 55, 59, 33, 14, 28], (228.0,)), ([22, 55, 59, 33, 14, 28], (228.0,)), ([22, 55, 59, 33, 14, 28], (228.0,))] overall_top3=[([22, 55, 59, 33, 14, 28], (228.0,), 35), ([22, 55, 59, 33, 13, 28], (228.0,), 67), ([32, 55, 59, 33, 14, 28], (233.0,), 27)]
gen=88 nevals=44 stats={'avg': np.float64(235.19285714285715), 'std': np.float64(20.217971647794453), 'min': np.float64(228.0), 'max': np.float64(300.0)} top3=[([22, 55, 59, 33, 14, 28], (228.0,)), ([22, 55, 59, 33, 14, 28], (228.0,)), ([22, 55, 59, 33, 14, 28], (228.0,))] overall_top3=[([22, 55, 59, 33, 14, 28], (228.0,), 35), ([22, 55, 59, 33, 13, 28], (228.0,), 67), ([32, 55, 59, 33, 14, 28], (233.0,), 27)]
gen=89 nevals=46 stats={'avg': np.float64(234.64285714285714), 'std': np.float64(20.152302749870767), 'min': np.float64(228.0), 'max': np.float64(300.0)} top3=[([22, 55, 59, 33, 14, 28], (228.0,)), ([22, 55, 59, 33, 14, 28], (228.0,)), ([22, 55, 59, 33, 14, 28], (228.0,))] overall_top3=[([22, 55, 59, 33, 14, 28], (228.0,), 35), ([22, 55, 59, 33, 13, 28], (228.0,), 67), ([32, 55, 59, 33, 14, 28], (233.0,), 27)]
gen=90 nevals=50 stats={'avg': np.float64(232.52857142857144), 'std': np.float64(16.83997915554481), 'min': np.float64(228.0), 'max': np.float64(301.0)} top3=[([22, 55, 59, 33, 14, 28], (228.0,)), ([22, 55, 59, 33, 14, 28], (228.0,)), ([22, 55, 59, 33, 14, 28], (228.0,))] overall_top3=[([22, 55, 59, 33, 14, 28], (228.0,), 35), ([22, 55, 59, 33, 13, 28], (228.0,), 67), ([32, 55, 59, 33, 14, 28], (233.0,), 27)]
gen=91 nevals=38 stats={'avg': np.float64(234.17857142857142), 'std': np.float64(20.153701488150244), 'min': np.float64(228.0), 'max': np.float64(300.0)} top3=[([22, 55, 59, 33, 14, 28], (228.0,)), ([22, 55, 59, 33, 14, 28], (228.0,)), ([22, 55, 59, 33, 14, 28], (228.0,))] overall_top3=[([22, 55, 59, 33, 14, 28], (228.0,), 35), ([22, 55, 59, 33, 13, 28], (228.0,), 67), ([32, 55, 59, 33, 14, 28], (233.0,), 27)]
gen=92 nevals=46 stats={'avg': np.float64(233.82142857142858), 'std': np.float64(18.562834549998342), 'min': np.float64(228.0), 'max': np.float64(300.0)} top3=[([22, 55, 59, 33, 14, 28], (228.0,)), ([22, 55, 59, 33, 14, 28], (228.0,)), ([22, 55, 59, 33, 14, 28], (228.0,))] overall_top3=[([22, 55, 59, 33, 14, 28], (228.0,), 35), ([22, 55, 59, 33, 13, 28], (228.0,), 67), ([32, 55, 59, 33, 14, 28], (233.0,), 27)]
gen=93 nevals=44 stats={'avg': np.float64(239.9), 'std': np.float64(25.74443074308916), 'min': np.float64(228.0), 'max': np.float64(300.0)} top3=[([22, 55, 59, 33, 14, 28], (228.0,)), ([22, 55, 59, 33, 14, 28], (228.0,)), ([22, 55, 59, 33, 14, 28], (228.0,))] overall_top3=[([22, 55, 59, 33, 14, 28], (228.0,), 35), ([22, 55, 59, 33, 13, 28], (228.0,), 67), ([32, 55, 59, 33, 14, 28], (233.0,), 27)]
gen=94 nevals=49 stats={'avg': np.float64(229.14285714285714), 'std': np.float64(8.582849533951352), 'min': np.float64(228.0), 'max': np.float64(300.0)} top3=[([22, 55, 59, 33, 14, 28], (228.0,)), ([22, 55, 59, 33, 14, 28], (228.0,)), ([22, 55, 59, 33, 14, 28], (228.0,))] overall_top3=[([22, 55, 59, 33, 14, 28], (228.0,), 35), ([22, 55, 59, 33, 13, 28], (228.0,), 67), ([32, 55, 59, 33, 14, 28], (233.0,), 27)]
gen=95 nevals=43 stats={'avg': np.float64(237.05), 'std': np.float64(23.60026482902258), 'min': np.float64(228.0), 'max': np.float64(300.0)} top3=[([22, 55, 59, 33, 14, 28], (228.0,)), ([22, 55, 59, 33, 14, 28], (228.0,)), ([22, 55, 59, 33, 14, 28], (228.0,))] overall_top3=[([22, 55, 59, 33, 14, 28], (228.0,), 35), ([22, 55, 59, 33, 13, 28], (228.0,), 67), ([32, 55, 59, 33, 14, 28], (233.0,), 27)]
gen=96 nevals=39 stats={'avg': np.float64(232.68571428571428), 'std': np.float64(16.865470098181465), 'min': np.float64(228.0), 'max': np.float64(300.0)} top3=[([22, 55, 59, 33, 14, 28], (228.0,)), ([22, 55, 59, 33, 14, 28], (228.0,)), ([22, 55, 59, 33, 14, 28], (228.0,))] overall_top3=[([22, 55, 59, 33, 14, 28], (228.0,), 35), ([22, 55, 59, 33, 13, 28], (228.0,), 67), ([32, 55, 59, 33, 14, 28], (233.0,), 27)]
gen=97 nevals=40 stats={'avg': np.float64(233.35714285714286), 'std': np.float64(17.528780997699364), 'min': np.float64(228.0), 'max': np.float64(300.0)} top3=[([22, 55, 59, 33, 14, 28], (228.0,)), ([22, 55, 59, 33, 14, 28], (228.0,)), ([22, 55, 59, 33, 14, 28], (228.0,))] overall_top3=[([22, 55, 59, 33, 14, 28], (228.0,), 35), ([22, 55, 59, 33, 13, 28], (228.0,), 67), ([32, 55, 59, 33, 14, 28], (233.0,), 27)]
gen=98 nevals=43 stats={'avg': np.float64(231.47142857142856), 'std': np.float64(14.85041743383612), 'min': np.float64(228.0), 'max': np.float64(300.0)} top3=[([22, 55, 59, 33, 14, 28], (228.0,)), ([22, 55, 59, 33, 14, 28], (228.0,)), ([22, 55, 59, 33, 14, 28], (228.0,))] overall_top3=[([22, 55, 59, 33, 14, 28], (228.0,), 35), ([22, 55, 59, 33, 13, 28], (228.0,), 67), ([32, 55, 59, 33, 14, 28], (233.0,), 27)]
gen=99 nevals=49 stats={'avg': np.float64(234.84285714285716), 'std': np.float64(20.009023474626723), 'min': np.float64(228.0), 'max': np.float64(301.0)} top3=[([22, 55, 59, 33, 14, 28], (228.0,)), ([22, 55, 59, 33, 14, 28], (228.0,)), ([22, 55, 59, 33, 14, 28], (228.0,))] overall_top3=[([22, 55, 59, 33, 14, 28], (228.0,), 35), ([22, 55, 59, 33, 13, 28], (228.0,), 67), ([32, 55, 59, 33, 14, 28], (233.0,), 27)]
gen=100 nevals=44 stats={'avg': np.float64(231.77142857142857), 'std': np.float64(14.567254304060997), 'min': np.float64(228.0), 'max': np.float64(300.0)} top3=[([22, 55, 59, 33, 14, 28], (228.0,)), ([22, 55, 59, 33, 14, 28], (228.0,)), ([22, 55, 59, 33, 14, 28], (228.0,))] overall_top3=[([22, 55, 59, 33, 14, 28], (228.0,), 35), ([22, 55, 59, 33, 13, 28], (228.0,), 67), ([32, 55, 59, 33, 14, 28], (233.0,), 27)]
gen=101 nevals=40 stats={'avg': np.float64(234.04285714285714), 'std': np.float64(19.76030343483456), 'min': np.float64(228.0), 'max': np.float64(300.0)} top3=[([22, 55, 59, 33, 14, 28], (228.0,)), ([22, 55, 59, 33, 14, 28], (228.0,)), ([22, 55, 59, 33, 14, 28], (228.0,))] overall_top3=[([22, 55, 59, 33, 14, 28], (228.0,), 35), ([22, 55, 59, 33, 13, 28], (228.0,), 67), ([32, 55, 59, 33, 14, 28], (233.0,), 27)]
gen=102 nevals=52 stats={'avg': np.float64(232.65714285714284), 'std': np.float64(16.97614773253151), 'min': np.float64(228.0), 'max': np.float64(300.0)} top3=[([22, 55, 59, 33, 14, 28], (228.0,)), ([22, 55, 59, 33, 14, 28], (228.0,)), ([22, 55, 59, 33, 14, 28], (228.0,))] overall_top3=[([22, 55, 59, 33, 14, 28], (228.0,), 35), ([22, 55, 59, 33, 13, 28], (228.0,), 67), ([32, 55, 59, 33, 14, 28], (233.0,), 27)]
gen=103 nevals=39 stats={'avg': np.float64(230.67142857142858), 'std': np.float64(11.54057615369283), 'min': np.float64(228.0), 'max': np.float64(300.0)} top3=[([22, 55, 59, 33, 14, 28], (228.0,)), ([22, 55, 59, 33, 14, 28], (228.0,)), ([22, 55, 59, 33, 14, 28], (228.0,))] overall_top3=[([22, 55, 59, 33, 14, 28], (228.0,), 35), ([22, 55, 59, 33, 13, 28], (228.0,), 67), ([32, 55, 59, 33, 14, 28], (233.0,), 27)]
gen=104 nevals=45 stats={'avg': np.float64(235.52142857142857), 'std': np.float64(20.31404083637819), 'min': np.float64(228.0), 'max': np.float64(300.0)} top3=[([22, 55, 59, 33, 14, 28], (228.0,)), ([22, 55, 59, 33, 14, 28], (228.0,)), ([22, 55, 59, 33, 14, 28], (228.0,))] overall_top3=[([22, 55, 59, 33, 14, 28], (228.0,), 35), ([22, 55, 59, 33, 13, 28], (228.0,), 67), ([32, 55, 59, 33, 14, 28], (233.0,), 27)]
gen=105 nevals=35 stats={'avg': np.float64(233.09285714285716), 'std': np.float64(18.339904357349706), 'min': np.float64(228.0), 'max': np.float64(300.0)} top3=[([22, 55, 59, 33, 14, 28], (228.0,)), ([22, 55, 59, 33, 14, 28], (228.0,)), ([22, 55, 59, 33, 14, 28], (228.0,))] overall_top3=[([22, 55, 59, 33, 14, 28], (228.0,), 35), ([22, 55, 59, 33, 13, 28], (228.0,), 67), ([32, 55, 59, 33, 14, 28], (233.0,), 27)]
gen=106 nevals=39 stats={'avg': np.float64(235.40714285714284), 'std': np.float64(20.84557041969466), 'min': np.float64(228.0), 'max': np.float64(300.0)} top3=[([22, 55, 59, 33, 14, 28], (228.0,)), ([22, 55, 59, 33, 14, 28], (228.0,)), ([22, 55, 59, 33, 14, 28], (228.0,))] overall_top3=[([22, 55, 59, 33, 14, 28], (228.0,), 35), ([22, 55, 59, 33, 13, 28], (228.0,), 67), ([32, 55, 59, 33, 14, 28], (233.0,), 27)]
gen=107 nevals=42 stats={'avg': np.float64(233.05), 'std': np.float64(17.834186672952434), 'min': np.float64(228.0), 'max': np.float64(300.0)} top3=[([22, 55, 59, 33, 14, 28], (228.0,)), ([22, 55, 59, 33, 14, 28], (228.0,)), ([22, 55, 59, 33, 14, 28], (228.0,))] overall_top3=[([22, 55, 59, 33, 14, 28], (228.0,), 35), ([22, 55, 59, 33, 13, 28], (228.0,), 67), ([32, 55, 59, 33, 14, 28], (233.0,), 27)]
gen=108 nevals=43 stats={'avg': np.float64(235.21428571428572), 'std': np.float64(21.595398224848648), 'min': np.float64(228.0), 'max': np.float64(300.0)} top3=[([22, 55, 59, 33, 14, 28], (228.0,)), ([22, 55, 59, 33, 14, 28], (228.0,)), ([22, 55, 59, 33, 14, 28], (228.0,))] overall_top3=[([22, 55, 59, 33, 14, 28], (228.0,), 35), ([22, 55, 59, 33, 13, 28], (228.0,), 67), ([32, 55, 59, 33, 14, 28], (233.0,), 27)]
gen=109 nevals=44 stats={'avg': np.float64(229.77142857142857), 'std': np.float64(9.500633706039114), 'min': np.float64(228.0), 'max': np.float64(300.0)} top3=[([22, 55, 59, 33, 14, 28], (228.0,)), ([22, 55, 59, 33, 14, 28], (228.0,)), ([22, 55, 59, 33, 14, 28], (228.0,))] overall_top3=[([22, 55, 59, 33, 14, 28], (228.0,), 35), ([22, 55, 59, 33, 13, 28], (228.0,), 67), ([32, 55, 59, 33, 14, 28], (233.0,), 27)]
gen=110 nevals=45 stats={'avg': np.float64(232.12142857142857), 'std': np.float64(16.71065436743143), 'min': np.float64(228.0), 'max': np.float64(300.0)} top3=[([22, 55, 59, 33, 14, 28], (228.0,)), ([22, 55, 59, 33, 14, 28], (228.0,)), ([22, 55, 59, 33, 14, 28], (228.0,))] overall_top3=[([22, 55, 59, 33, 14, 28], (228.0,), 35), ([22, 55, 59, 33, 13, 28], (228.0,), 67), ([32, 55, 59, 33, 14, 28], (233.0,), 27)]
gen=111 nevals=37 stats={'avg': np.float64(236.54285714285714), 'std': np.float64(22.428735213232745), 'min': np.float64(228.0), 'max': np.float64(300.0)} top3=[([22, 55, 59, 33, 14, 28], (228.0,)), ([22, 55, 59, 33, 14, 28], (228.0,)), ([22, 55, 59, 33, 14, 28], (228.0,))] overall_top3=[([22, 55, 59, 33, 14, 28], (228.0,), 35), ([22, 55, 59, 33, 13, 28], (228.0,), 67), ([32, 55, 59, 33, 14, 28], (233.0,), 27)]
gen=112 nevals=42 stats={'avg': np.float64(234.28571428571428), 'std': np.float64(18.333531229606006), 'min': np.float64(228.0), 'max': np.float64(300.0)} top3=[([22, 55, 59, 33, 14, 28], (228.0,)), ([22, 55, 59, 33, 14, 28], (228.0,)), ([22, 55, 59, 33, 14, 28], (228.0,))] overall_top3=[([22, 55, 59, 33, 14, 28], (228.0,), 35), ([22, 55, 59, 33, 13, 28], (228.0,), 67), ([32, 55, 59, 33, 14, 28], (233.0,), 27)]
gen=113 nevals=37 stats={'avg': np.float64(232.14285714285714), 'std': np.float64(15.039980731642022), 'min': np.float64(228.0), 'max': np.float64(300.0)} top3=[([22, 55, 59, 33, 14, 28], (228.0,)), ([22, 55, 59, 33, 14, 28], (228.0,)), ([22, 55, 59, 33, 14, 28], (228.0,))] overall_top3=[([22, 55, 59, 33, 14, 28], (228.0,), 35), ([22, 55, 59, 33, 13, 28], (228.0,), 67), ([32, 55, 59, 33, 14, 28], (233.0,), 27)]
gen=114 nevals=44 stats={'avg': np.float64(237.25), 'std': np.float64(23.181234713818476), 'min': np.float64(228.0), 'max': np.float64(300.0)} top3=[([22, 55, 59, 33, 14, 28], (228.0,)), ([22, 55, 59, 33, 14, 28], (228.0,)), ([22, 55, 59, 33, 14, 28], (228.0,))] overall_top3=[([22, 55, 59, 33, 14, 28], (228.0,), 35), ([22, 55, 59, 33, 13, 28], (228.0,), 67), ([32, 55, 59, 33, 14, 28], (233.0,), 27)]
gen=115 nevals=35 stats={'avg': np.float64(230.8357142857143), 'std': np.float64(12.868211505370077), 'min': np.float64(228.0), 'max': np.float64(300.0)} top3=[([22, 55, 59, 33, 14, 28], (228.0,)), ([22, 55, 59, 33, 14, 28], (228.0,)), ([22, 55, 59, 33, 14, 28], (228.0,))] overall_top3=[([22, 55, 59, 33, 14, 28], (228.0,), 35), ([22, 55, 59, 33, 13, 28], (228.0,), 67), ([32, 55, 59, 33, 14, 28], (233.0,), 27)]
gen=116 nevals=46 stats={'avg': np.float64(238.59285714285716), 'std': np.float64(24.217657793015245), 'min': np.float64(228.0), 'max': np.float64(300.0)} top3=[([22, 55, 59, 33, 14, 28], (228.0,)), ([22, 55, 59, 33, 14, 28], (228.0,)), ([22, 55, 59, 33, 14, 28], (228.0,))] overall_top3=[([22, 55, 59, 33, 14, 28], (228.0,), 35), ([22, 55, 59, 33, 13, 28], (228.0,), 67), ([32, 55, 59, 33, 14, 28], (233.0,), 27)]
gen=117 nevals=43 stats={'avg': np.float64(233.04285714285714), 'std': np.float64(17.212276112693285), 'min': np.float64(228.0), 'max': np.float64(300.0)} top3=[([22, 55, 59, 33, 14, 28], (228.0,)), ([22, 55, 59, 33, 14, 28], (228.0,)), ([22, 55, 59, 33, 14, 28], (228.0,))] overall_top3=[([22, 55, 59, 33, 14, 28], (228.0,), 35), ([22, 55, 59, 33, 13, 28], (228.0,), 67), ([32, 55, 59, 33, 14, 28], (233.0,), 27)]
gen=118 nevals=44 stats={'avg': np.float64(232.39285714285714), 'std': np.float64(16.718871471044515), 'min': np.float64(228.0), 'max': np.float64(300.0)} top3=[([22, 55, 59, 33, 14, 28], (228.0,)), ([22, 55, 59, 33, 14, 28], (228.0,)), ([22, 55, 59, 33, 14, 28], (228.0,))] overall_top3=[([22, 55, 59, 33, 14, 28], (228.0,), 35), ([22, 55, 59, 33, 13, 28], (228.0,), 67), ([32, 55, 59, 33, 14, 28], (233.0,), 27)]
gen=119 nevals=42 stats={'avg': np.float64(230.82142857142858), 'std': np.float64(12.71894978657709), 'min': np.float64(228.0), 'max': np.float64(300.0)} top3=[([22, 55, 59, 33, 14, 28], (228.0,)), ([22, 55, 59, 33, 14, 28], (228.0,)), ([22, 55, 59, 33, 14, 28], (228.0,))] overall_top3=[([22, 55, 59, 33, 14, 28], (228.0,), 35), ([22, 55, 59, 33, 13, 28], (228.0,), 67), ([32, 55, 59, 33, 14, 28], (233.0,), 27)]
gen=120 nevals=43 stats={'avg': np.float64(233.67857142857142), 'std': np.float64(18.63024340656222), 'min': np.float64(228.0), 'max': np.float64(300.0)} top3=[([22, 55, 59, 33, 14, 28], (228.0,)), ([22, 55, 59, 33, 14, 28], (228.0,)), ([22, 55, 59, 33, 14, 28], (228.0,))] overall_top3=[([22, 55, 59, 33, 14, 28], (228.0,), 35), ([22, 55, 59, 33, 13, 28], (228.0,), 67), ([32, 55, 59, 33, 14, 28], (233.0,), 27)]
gen=121 nevals=45 stats={'avg': np.float64(233.39285714285714), 'std': np.float64(17.923426979623), 'min': np.float64(228.0), 'max': np.float64(300.0)} top3=[([22, 55, 59, 33, 14, 28], (228.0,)), ([22, 55, 59, 33, 14, 28], (228.0,)), ([22, 55, 59, 33, 14, 28], (228.0,))] overall_top3=[([22, 55, 59, 33, 14, 28], (228.0,), 35), ([22, 55, 59, 33, 13, 28], (228.0,), 67), ([32, 55, 59, 33, 14, 28], (233.0,), 27)]
gen=122 nevals=39 stats={'avg': np.float64(232.56428571428572), 'std': np.float64(16.302918544273737), 'min': np.float64(228.0), 'max': np.float64(300.0)} top3=[([22, 55, 59, 33, 14, 28], (228.0,)), ([22, 55, 59, 33, 14, 28], (228.0,)), ([22, 55, 59, 33, 14, 28], (228.0,))] overall_top3=[([22, 55, 59, 33, 14, 28], (228.0,), 35), ([22, 55, 59, 33, 13, 28], (228.0,), 67), ([32, 55, 59, 33, 14, 28], (233.0,), 27)]
gen=123 nevals=41 stats={'avg': np.float64(232.7642857142857), 'std': np.float64(16.143269590179823), 'min': np.float64(228.0), 'max': np.float64(300.0)} top3=[([22, 55, 59, 33, 14, 28], (228.0,)), ([22, 55, 59, 33, 14, 28], (228.0,)), ([22, 55, 59, 33, 14, 28], (228.0,))] overall_top3=[([22, 55, 59, 33, 14, 28], (228.0,), 35), ([22, 55, 59, 33, 13, 28], (228.0,), 67), ([32, 55, 59, 33, 14, 28], (233.0,), 27)]
gen=124 nevals=43 stats={'avg': np.float64(230.7642857142857), 'std': np.float64(12.825399305555317), 'min': np.float64(228.0), 'max': np.float64(300.0)} top3=[([22, 55, 59, 33, 14, 28], (228.0,)), ([22, 55, 59, 33, 14, 28], (228.0,)), ([22, 55, 59, 33, 14, 28], (228.0,))] overall_top3=[([22, 55, 59, 33, 14, 28], (228.0,), 35), ([22, 55, 59, 33, 13, 28], (228.0,), 67), ([32, 55, 59, 33, 14, 28], (233.0,), 27)]
gen=125 nevals=49 stats={'avg': np.float64(234.44285714285715), 'std': np.float64(18.97753236577078), 'min': np.float64(228.0), 'max': np.float64(300.0)} top3=[([22, 55, 59, 33, 14, 28], (228.0,)), ([22, 55, 59, 33, 14, 28], (228.0,)), ([22, 55, 59, 33, 14, 28], (228.0,))] overall_top3=[([22, 55, 59, 33, 14, 28], (228.0,), 35), ([22, 55, 59, 33, 13, 28], (228.0,), 67), ([32, 55, 59, 33, 14, 28], (233.0,), 27)]
gen=126 nevals=48 stats={'avg': np.float64(230.29285714285714), 'std': np.float64(12.020070375698083), 'min': np.float64(228.0), 'max': np.float64(300.0)} top3=[([22, 55, 59, 33, 14, 28], (228.0,)), ([22, 55, 59, 33, 14, 28], (228.0,)), ([22, 55, 59, 33, 14, 28], (228.0,))] overall_top3=[([22, 55, 59, 33, 14, 28], (228.0,), 35), ([22, 55, 59, 33, 13, 28], (228.0,), 67), ([32, 55, 59, 33, 14, 28], (233.0,), 27)]
gen=127 nevals=39 stats={'avg': np.float64(233.1642857142857), 'std': np.float64(18.537360235205977), 'min': np.float64(228.0), 'max': np.float64(300.0)} top3=[([22, 55, 59, 33, 14, 28], (228.0,)), ([22, 55, 59, 33, 14, 28], (228.0,)), ([22, 55, 59, 33, 14, 28], (228.0,))] overall_top3=[([22, 55, 59, 33, 14, 28], (228.0,), 35), ([22, 55, 59, 33, 13, 28], (228.0,), 67), ([32, 55, 59, 33, 14, 28], (233.0,), 27)]
gen=128 nevals=39 stats={'avg': np.float64(232.72142857142856), 'std': np.float64(17.08709532163417), 'min': np.float64(228.0), 'max': np.float64(300.0)} top3=[([22, 55, 59, 33, 14, 28], (228.0,)), ([22, 55, 59, 33, 14, 28], (228.0,)), ([22, 55, 59, 33, 14, 28], (228.0,))] overall_top3=[([22, 55, 59, 33, 14, 28], (228.0,), 35), ([22, 55, 59, 33, 13, 28], (228.0,), 67), ([32, 55, 59, 33, 14, 28], (233.0,), 27)]
gen=129 nevals=28 stats={'avg': np.float64(229.99285714285713), 'std': np.float64(10.006602412244364), 'min': np.float64(228.0), 'max': np.float64(293.0)} top3=[([22, 55, 59, 33, 14, 28], (228.0,)), ([22, 55, 59, 33, 14, 28], (228.0,)), ([22, 55, 59, 33, 14, 28], (228.0,))] overall_top3=[([22, 55, 59, 33, 14, 28], (228.0,), 35), ([22, 55, 59, 33, 13, 28], (228.0,), 67), ([32, 55, 59, 33, 14, 28], (233.0,), 27)]
gen=130 nevals=43 stats={'avg': np.float64(233.38571428571427), 'std': np.float64(18.18794173318674), 'min': np.float64(228.0), 'max': np.float64(300.0)} top3=[([22, 55, 59, 33, 14, 28], (228.0,)), ([22, 55, 59, 33, 14, 28], (228.0,)), ([22, 55, 59, 33, 14, 28], (228.0,))] overall_top3=[([22, 55, 59, 33, 14, 28], (228.0,), 35), ([22, 55, 59, 33, 13, 28], (228.0,), 67), ([32, 55, 59, 33, 14, 28], (233.0,), 27)]
gen=131 nevals=46 stats={'avg': np.float64(234.05), 'std': np.float64(19.758208059292365), 'min': np.float64(228.0), 'max': np.float64(300.0)} top3=[([22, 55, 59, 33, 14, 28], (228.0,)), ([22, 55, 59, 33, 14, 28], (228.0,)), ([22, 55, 59, 33, 14, 28], (228.0,))] overall_top3=[([22, 55, 59, 33, 14, 28], (228.0,), 35), ([22, 55, 59, 33, 13, 28], (228.0,), 67), ([32, 55, 59, 33, 14, 28], (233.0,), 27)]
gen=132 nevals=45 stats={'avg': np.float64(234.61428571428573), 'std': np.float64(20.20699515170983), 'min': np.float64(228.0), 'max': np.float64(300.0)} top3=[([22, 55, 59, 33, 14, 28], (228.0,)), ([22, 55, 59, 33, 14, 28], (228.0,)), ([22, 55, 59, 33, 14, 28], (228.0,))] overall_top3=[([22, 55, 59, 33, 14, 28], (228.0,), 35), ([22, 55, 59, 33, 13, 28], (228.0,), 67), ([32, 55, 59, 33, 14, 28], (233.0,), 27)]
gen=133 nevals=34 stats={'avg': np.float64(233.14285714285714), 'std': np.float64(18.542835130957663), 'min': np.float64(228.0), 'max': np.float64(300.0)} top3=[([22, 55, 59, 33, 14, 28], (228.0,)), ([22, 55, 59, 33, 14, 28], (228.0,)), ([22, 55, 59, 33, 14, 28], (228.0,))] overall_top3=[([22, 55, 59, 33, 14, 28], (228.0,), 35), ([22, 55, 59, 33, 13, 28], (228.0,), 67), ([32, 55, 59, 33, 14, 28], (233.0,), 27)]
gen=134 nevals=52 stats={'avg': np.float64(231.47857142857143), 'std': np.float64(14.355794179724516), 'min': np.float64(228.0), 'max': np.float64(300.0)} top3=[([22, 55, 59, 33, 14, 28], (228.0,)), ([22, 55, 59, 33, 14, 28], (228.0,)), ([22, 55, 59, 33, 14, 28], (228.0,))] overall_top3=[([22, 55, 59, 33, 14, 28], (228.0,), 35), ([22, 55, 59, 33, 13, 28], (228.0,), 67), ([32, 55, 59, 33, 14, 28], (233.0,), 27)]
gen=135 nevals=44 stats={'avg': np.float64(234.45714285714286), 'std': np.float64(18.704037542952143), 'min': np.float64(228.0), 'max': np.float64(300.0)} top3=[([22, 55, 59, 33, 14, 28], (228.0,)), ([22, 55, 59, 33, 14, 28], (228.0,)), ([22, 55, 59, 33, 14, 28], (228.0,))] overall_top3=[([22, 55, 59, 33, 14, 28], (228.0,), 35), ([22, 55, 59, 33, 13, 28], (228.0,), 67), ([32, 55, 59, 33, 14, 28], (233.0,), 27)]
gen=136 nevals=50 stats={'avg': np.float64(229.25714285714287), 'std': np.float64(7.158782247373232), 'min': np.float64(228.0), 'max': np.float64(284.0)} top3=[([22, 55, 59, 33, 14, 28], (228.0,)), ([22, 55, 59, 33, 14, 28], (228.0,)), ([22, 55, 59, 33, 14, 28], (228.0,))] overall_top3=[([22, 55, 59, 33, 14, 28], (228.0,), 35), ([22, 55, 59, 33, 13, 28], (228.0,), 67), ([32, 55, 59, 33, 14, 28], (233.0,), 27)]
gen=137 nevals=47 stats={'avg': np.float64(233.68571428571428), 'std': np.float64(18.077249203778493), 'min': np.float64(228.0), 'max': np.float64(300.0)} top3=[([22, 55, 59, 33, 14, 28], (228.0,)), ([22, 55, 59, 33, 14, 28], (228.0,)), ([22, 55, 59, 33, 14, 28], (228.0,))] overall_top3=[([22, 55, 59, 33, 14, 28], (228.0,), 35), ([22, 55, 59, 33, 13, 28], (228.0,), 67), ([32, 55, 59, 33, 14, 28], (233.0,), 27)]
gen=138 nevals=42 stats={'avg': np.float64(235.14285714285714), 'std': np.float64(20.63235026726283), 'min': np.float64(228.0), 'max': np.float64(300.0)} top3=[([22, 55, 59, 33, 14, 28], (228.0,)), ([22, 55, 59, 33, 14, 28], (228.0,)), ([22, 55, 59, 33, 14, 28], (228.0,))] overall_top3=[([22, 55, 59, 33, 14, 28], (228.0,), 35), ([22, 55, 59, 33, 13, 28], (228.0,), 67), ([32, 55, 59, 33, 14, 28], (233.0,), 27)]
gen=139 nevals=42 stats={'avg': np.float64(235.77142857142857), 'std': np.float64(21.9285667752438), 'min': np.float64(228.0), 'max': np.float64(300.0)} top3=[([22, 55, 59, 33, 14, 28], (228.0,)), ([22, 55, 59, 33, 14, 28], (228.0,)), ([22, 55, 59, 33, 14, 28], (228.0,))] overall_top3=[([22, 55, 59, 33, 14, 28], (228.0,), 35), ([22, 55, 59, 33, 13, 28], (228.0,), 67), ([32, 55, 59, 33, 14, 28], (233.0,), 27)]
gen=140 nevals=47 stats={'avg': np.float64(234.8357142857143), 'std': np.float64(20.684487187360524), 'min': np.float64(228.0), 'max': np.float64(300.0)} top3=[([22, 55, 59, 33, 14, 28], (228.0,)), ([22, 55, 59, 33, 14, 28], (228.0,)), ([22, 55, 59, 33, 14, 28], (228.0,))] overall_top3=[([22, 55, 59, 33, 14, 28], (228.0,), 35), ([22, 55, 59, 33, 13, 28], (228.0,), 67), ([32, 55, 59, 33, 14, 28], (233.0,), 27)]
gen=141 nevals=43 stats={'avg': np.float64(236.06428571428572), 'std': np.float64(22.44484055071318), 'min': np.float64(228.0), 'max': np.float64(300.0)} top3=[([22, 55, 59, 33, 14, 28], (228.0,)), ([22, 55, 59, 33, 14, 28], (228.0,)), ([22, 55, 59, 33, 14, 28], (228.0,))] overall_top3=[([22, 55, 59, 33, 14, 28], (228.0,), 35), ([22, 55, 59, 33, 13, 28], (228.0,), 67), ([32, 55, 59, 33, 14, 28], (233.0,), 27)]
gen=142 nevals=37 stats={'avg': np.float64(231.0857142857143), 'std': np.float64(14.582516789579474), 'min': np.float64(228.0), 'max': np.float64(300.0)} top3=[([22, 55, 59, 33, 14, 28], (228.0,)), ([22, 55, 59, 33, 14, 28], (228.0,)), ([22, 55, 59, 33, 14, 28], (228.0,))] overall_top3=[([22, 55, 59, 33, 14, 28], (228.0,), 35), ([22, 55, 59, 33, 13, 28], (228.0,), 67), ([32, 55, 59, 33, 14, 28], (233.0,), 27)]
gen=143 nevals=48 stats={'avg': np.float64(235.85), 'std': np.float64(22.038821267416793), 'min': np.float64(228.0), 'max': np.float64(300.0)} top3=[([22, 55, 59, 33, 14, 28], (228.0,)), ([22, 55, 59, 33, 14, 28], (228.0,)), ([22, 55, 59, 33, 14, 28], (228.0,))] overall_top3=[([22, 55, 59, 33, 14, 28], (228.0,), 35), ([22, 55, 59, 33, 13, 28], (228.0,), 67), ([32, 55, 59, 33, 14, 28], (233.0,), 27)]
gen=144 nevals=47 stats={'avg': np.float64(234.9), 'std': np.float64(20.48563956949913), 'min': np.float64(228.0), 'max': np.float64(300.0)} top3=[([22, 55, 59, 33, 14, 28], (228.0,)), ([22, 55, 59, 33, 14, 28], (228.0,)), ([22, 55, 59, 33, 14, 28], (228.0,))] overall_top3=[([22, 55, 59, 33, 14, 28], (228.0,), 35), ([22, 55, 59, 33, 13, 28], (228.0,), 67), ([32, 55, 59, 33, 14, 28], (233.0,), 27)]
gen=145 nevals=43 stats={'avg': np.float64(232.77857142857144), 'std': np.float64(16.254150176468272), 'min': np.float64(228.0), 'max': np.float64(300.0)} top3=[([22, 55, 59, 33, 14, 28], (228.0,)), ([22, 55, 59, 33, 14, 28], (228.0,)), ([22, 55, 59, 33, 14, 28], (228.0,))] overall_top3=[([22, 55, 59, 33, 14, 28], (228.0,), 35), ([22, 55, 59, 33, 13, 28], (228.0,), 67), ([32, 55, 59, 33, 14, 28], (233.0,), 27)]
gen=146 nevals=38 stats={'avg': np.float64(232.7642857142857), 'std': np.float64(17.036247371114214), 'min': np.float64(228.0), 'max': np.float64(300.0)} top3=[([22, 55, 59, 33, 14, 28], (228.0,)), ([22, 55, 59, 33, 14, 28], (228.0,)), ([22, 55, 59, 33, 14, 28], (228.0,))] overall_top3=[([22, 55, 59, 33, 14, 28], (228.0,), 35), ([22, 55, 59, 33, 13, 28], (228.0,), 67), ([32, 55, 59, 33, 14, 28], (233.0,), 27)]
gen=147 nevals=47 stats={'avg': np.float64(236.87142857142857), 'std': np.float64(22.164915280410057), 'min': np.float64(228.0), 'max': np.float64(300.0)} top3=[([22, 55, 59, 33, 14, 28], (228.0,)), ([22, 55, 59, 33, 14, 28], (228.0,)), ([22, 55, 59, 33, 14, 28], (228.0,))] overall_top3=[([22, 55, 59, 33, 14, 28], (228.0,), 35), ([22, 55, 59, 33, 13, 28], (228.0,), 67), ([32, 55, 59, 33, 14, 28], (233.0,), 27)]
gen=148 nevals=48 stats={'avg': np.float64(236.87142857142857), 'std': np.float64(23.218171103421458), 'min': np.float64(228.0), 'max': np.float64(300.0)} top3=[([22, 55, 59, 33, 14, 28], (228.0,)), ([22, 55, 59, 33, 14, 28], (228.0,)), ([22, 55, 59, 33, 14, 28], (228.0,))] overall_top3=[([22, 55, 59, 33, 14, 28], (228.0,), 35), ([22, 55, 59, 33, 13, 28], (228.0,), 67), ([32, 55, 59, 33, 14, 28], (233.0,), 27)]
gen=149 nevals=47 stats={'avg': np.float64(234.00714285714287), 'std': np.float64(19.637517456051686), 'min': np.float64(228.0), 'max': np.float64(300.0)} top3=[([22, 55, 59, 33, 14, 28], (228.0,)), ([22, 55, 59, 33, 14, 28], (228.0,)), ([22, 55, 59, 33, 14, 28], (228.0,))] overall_top3=[([22, 55, 59, 33, 14, 28], (228.0,), 35), ([22, 55, 59, 33, 13, 28], (228.0,), 67), ([32, 55, 59, 33, 14, 28], (233.0,), 27)]
gen=150 nevals=48 stats={'avg': np.float64(236.0857142857143), 'std': np.float64(22.10930176395889), 'min': np.float64(228.0), 'max': np.float64(300.0)} top3=[([22, 55, 59, 33, 14, 28], (228.0,)), ([22, 55, 59, 33, 14, 28], (228.0,)), ([22, 55, 59, 33, 14, 28], (228.0,))] overall_top3=[([22, 55, 59, 33, 14, 28], (228.0,), 35), ([22, 55, 59, 33, 13, 28], (228.0,), 67), ([32, 55, 59, 33, 14, 28], (233.0,), 27)]
gen=151 nevals=34 stats={'avg': np.float64(233.42857142857142), 'std': np.float64(17.726148101903366), 'min': np.float64(228.0), 'max': np.float64(300.0)} top3=[([22, 55, 59, 33, 14, 28], (228.0,)), ([22, 55, 59, 33, 14, 28], (228.0,)), ([22, 55, 59, 33, 14, 28], (228.0,))] overall_top3=[([22, 55, 59, 33, 14, 28], (228.0,), 35), ([22, 55, 59, 33, 13, 28], (228.0,), 67), ([32, 55, 59, 33, 14, 28], (233.0,), 27)]
gen=152 nevals=51 stats={'avg': np.float64(241.12857142857143), 'std': np.float64(26.53012919497455), 'min': np.float64(228.0), 'max': np.float64(300.0)} top3=[([22, 55, 59, 33, 14, 28], (228.0,)), ([22, 55, 59, 33, 14, 28], (228.0,)), ([22, 55, 59, 33, 14, 28], (228.0,))] overall_top3=[([22, 55, 59, 33, 14, 28], (228.0,), 35), ([22, 55, 59, 33, 13, 28], (228.0,), 67), ([32, 55, 59, 33, 14, 28], (233.0,), 27)]
gen=153 nevals=40 stats={'avg': np.float64(231.89285714285714), 'std': np.float64(15.868858284870592), 'min': np.float64(228.0), 'max': np.float64(300.0)} top3=[([22, 55, 59, 33, 14, 28], (228.0,)), ([22, 55, 59, 33, 14, 28], (228.0,)), ([22, 55, 59, 33, 14, 28], (228.0,))] overall_top3=[([22, 55, 59, 33, 14, 28], (228.0,), 35), ([22, 55, 59, 33, 13, 28], (228.0,), 67), ([32, 55, 59, 33, 14, 28], (233.0,), 27)]
gen=154 nevals=49 stats={'avg': np.float64(234.22857142857143), 'std': np.float64(18.965322812642945), 'min': np.float64(228.0), 'max': np.float64(300.0)} top3=[([22, 55, 59, 33, 14, 28], (228.0,)), ([22, 55, 59, 33, 14, 28], (228.0,)), ([22, 55, 59, 33, 14, 28], (228.0,))] overall_top3=[([22, 55, 59, 33, 14, 28], (228.0,), 35), ([22, 55, 59, 33, 13, 28], (228.0,), 67), ([32, 55, 59, 33, 14, 28], (233.0,), 27)]
gen=155 nevals=36 stats={'avg': np.float64(234.47142857142856), 'std': np.float64(19.904573364338322), 'min': np.float64(228.0), 'max': np.float64(300.0)} top3=[([22, 55, 59, 33, 14, 28], (228.0,)), ([22, 55, 59, 33, 14, 28], (228.0,)), ([22, 55, 59, 33, 14, 28], (228.0,))] overall_top3=[([22, 55, 59, 33, 14, 28], (228.0,), 35), ([22, 55, 59, 33, 13, 28], (228.0,), 67), ([32, 55, 59, 33, 14, 28], (233.0,), 27)]
gen=156 nevals=47 stats={'avg': np.float64(234.71428571428572), 'std': np.float64(19.8070282310835), 'min': np.float64(228.0), 'max': np.float64(300.0)} top3=[([22, 55, 59, 33, 14, 28], (228.0,)), ([22, 55, 59, 33, 14, 28], (228.0,)), ([22, 55, 59, 33, 14, 28], (228.0,))] overall_top3=[([22, 55, 59, 33, 14, 28], (228.0,), 35), ([22, 55, 59, 33, 13, 28], (228.0,), 67), ([32, 55, 59, 33, 14, 28], (233.0,), 27)]
gen=157 nevals=44 stats={'avg': np.float64(231.2), 'std': np.float64(14.589232820327267), 'min': np.float64(228.0), 'max': np.float64(300.0)} top3=[([22, 55, 59, 33, 14, 28], (228.0,)), ([22, 55, 59, 33, 14, 28], (228.0,)), ([22, 55, 59, 33, 14, 28], (228.0,))] overall_top3=[([22, 55, 59, 33, 14, 28], (228.0,), 35), ([22, 55, 59, 33, 13, 28], (228.0,), 67), ([32, 55, 59, 33, 14, 28], (233.0,), 27)]
gen=158 nevals=41 stats={'avg': np.float64(239.0857142857143), 'std': np.float64(25.356173019682632), 'min': np.float64(228.0), 'max': np.float64(300.0)} top3=[([22, 55, 59, 33, 14, 28], (228.0,)), ([22, 55, 59, 33, 14, 28], (228.0,)), ([22, 55, 59, 33, 14, 28], (228.0,))] overall_top3=[([22, 55, 59, 33, 14, 28], (228.0,), 35), ([22, 55, 59, 33, 13, 28], (228.0,), 67), ([32, 55, 59, 33, 14, 28], (233.0,), 27)]
gen=159 nevals=53 stats={'avg': np.float64(235.18571428571428), 'std': np.float64(21.075403983345712), 'min': np.float64(228.0), 'max': np.float64(300.0)} top3=[([22, 55, 59, 33, 14, 28], (228.0,)), ([22, 55, 59, 33, 14, 28], (228.0,)), ([22, 55, 59, 33, 14, 28], (228.0,))] overall_top3=[([22, 55, 59, 33, 14, 28], (228.0,), 35), ([22, 55, 59, 33, 13, 28], (228.0,), 67), ([32, 55, 59, 33, 14, 28], (233.0,), 27)]
gen=160 nevals=50 stats={'avg': np.float64(233.95714285714286), 'std': np.float64(19.17769218521927), 'min': np.float64(228.0), 'max': np.float64(300.0)} top3=[([22, 55, 59, 33, 14, 28], (228.0,)), ([22, 55, 59, 33, 14, 28], (228.0,)), ([22, 55, 59, 33, 14, 28], (228.0,))] overall_top3=[([22, 55, 59, 33, 14, 28], (228.0,), 35), ([22, 55, 59, 33, 13, 28], (228.0,), 67), ([32, 55, 59, 33, 14, 28], (233.0,), 27)]
gen=161 nevals=49 stats={'avg': np.float64(234.12857142857143), 'std': np.float64(18.948555488533707), 'min': np.float64(228.0), 'max': np.float64(300.0)} top3=[([22, 55, 59, 33, 14, 28], (228.0,)), ([22, 55, 59, 33, 14, 28], (228.0,)), ([22, 55, 59, 33, 14, 28], (228.0,))] overall_top3=[([22, 55, 59, 33, 14, 28], (228.0,), 35), ([22, 55, 59, 33, 13, 28], (228.0,), 67), ([32, 55, 59, 33, 14, 28], (233.0,), 27)]
gen=162 nevals=41 stats={'avg': np.float64(232.11428571428573), 'std': np.float64(16.71230757525112), 'min': np.float64(228.0), 'max': np.float64(300.0)} top3=[([22, 55, 59, 33, 14, 28], (228.0,)), ([22, 55, 59, 33, 14, 28], (228.0,)), ([22, 55, 59, 33, 14, 28], (228.0,))] overall_top3=[([22, 55, 59, 33, 14, 28], (228.0,), 35), ([22, 55, 59, 33, 13, 28], (228.0,), 67), ([32, 55, 59, 33, 14, 28], (233.0,), 27)]
gen=163 nevals=44 stats={'avg': np.float64(235.4857142857143), 'std': np.float64(21.208315658279524), 'min': np.float64(228.0), 'max': np.float64(300.0)} top3=[([22, 55, 59, 33, 14, 28], (228.0,)), ([22, 55, 59, 33, 14, 28], (228.0,)), ([22, 55, 59, 33, 14, 28], (228.0,))] overall_top3=[([22, 55, 59, 33, 14, 28], (228.0,), 35), ([22, 55, 59, 33, 13, 28], (228.0,), 67), ([32, 55, 59, 33, 14, 28], (233.0,), 27)]
gen=164 nevals=43 stats={'avg': np.float64(232.4), 'std': np.float64(15.751099734848449), 'min': np.float64(228.0), 'max': np.float64(300.0)} top3=[([22, 55, 59, 33, 14, 28], (228.0,)), ([22, 55, 59, 33, 14, 28], (228.0,)), ([22, 55, 59, 33, 14, 28], (228.0,))] overall_top3=[([22, 55, 59, 33, 14, 28], (228.0,), 35), ([22, 55, 59, 33, 13, 28], (228.0,), 67), ([32, 55, 59, 33, 14, 28], (233.0,), 27)]
gen=165 nevals=51 stats={'avg': np.float64(234.0142857142857), 'std': np.float64(19.6354219694502), 'min': np.float64(228.0), 'max': np.float64(300.0)} top3=[([22, 55, 59, 33, 14, 28], (228.0,)), ([22, 55, 59, 33, 14, 28], (228.0,)), ([22, 55, 59, 33, 14, 28], (228.0,))] overall_top3=[([22, 55, 59, 33, 14, 28], (228.0,), 35), ([22, 55, 59, 33, 13, 28], (228.0,), 67), ([32, 55, 59, 33, 14, 28], (233.0,), 27)]
gen=166 nevals=47 stats={'avg': np.float64(234.54285714285714), 'std': np.float64(20.141950334198174), 'min': np.float64(228.0), 'max': np.float64(300.0)} top3=[([22, 55, 59, 33, 14, 28], (228.0,)), ([22, 55, 59, 33, 14, 28], (228.0,)), ([22, 55, 59, 33, 14, 28], (228.0,))] overall_top3=[([22, 55, 59, 33, 14, 28], (228.0,), 35), ([22, 55, 59, 33, 13, 28], (228.0,), 67), ([32, 55, 59, 33, 14, 28], (233.0,), 27)]
gen=167 nevals=45 stats={'avg': np.float64(233.29285714285714), 'std': np.float64(17.84826779453138), 'min': np.float64(228.0), 'max': np.float64(300.0)} top3=[([22, 55, 59, 33, 14, 28], (228.0,)), ([22, 55, 59, 33, 14, 28], (228.0,)), ([22, 55, 59, 33, 14, 28], (228.0,))] overall_top3=[([22, 55, 59, 33, 14, 28], (228.0,), 35), ([22, 55, 59, 33, 13, 28], (228.0,), 67), ([32, 55, 59, 33, 14, 28], (233.0,), 27)]
gen=168 nevals=51 stats={'avg': np.float64(233.32857142857142), 'std': np.float64(18.5246719103944), 'min': np.float64(228.0), 'max': np.float64(300.0)} top3=[([22, 55, 59, 33, 14, 28], (228.0,)), ([22, 55, 59, 33, 14, 28], (228.0,)), ([22, 55, 59, 33, 14, 28], (228.0,))] overall_top3=[([22, 55, 59, 33, 14, 28], (228.0,), 35), ([22, 55, 59, 33, 13, 28], (228.0,), 67), ([32, 55, 59, 33, 14, 28], (233.0,), 27)]
gen=169 nevals=47 stats={'avg': np.float64(232.5857142857143), 'std': np.float64(16.740236264882334), 'min': np.float64(228.0), 'max': np.float64(300.0)} top3=[([22, 55, 59, 33, 14, 28], (228.0,)), ([22, 55, 59, 33, 14, 28], (228.0,)), ([22, 55, 59, 33, 14, 28], (228.0,))] overall_top3=[([22, 55, 59, 33, 14, 28], (228.0,), 35), ([22, 55, 59, 33, 13, 28], (228.0,), 67), ([32, 55, 59, 33, 14, 28], (233.0,), 27)]
gen=170 nevals=44 stats={'avg': np.float64(234.7642857142857), 'std': np.float64(19.861794162334352), 'min': np.float64(228.0), 'max': np.float64(300.0)} top3=[([22, 55, 59, 33, 14, 28], (228.0,)), ([22, 55, 59, 33, 14, 28], (228.0,)), ([22, 55, 59, 33, 14, 28], (228.0,))] overall_top3=[([22, 55, 59, 33, 14, 28], (228.0,), 35), ([22, 55, 59, 33, 13, 28], (228.0,), 67), ([32, 55, 59, 33, 14, 28], (233.0,), 27)]
gen=171 nevals=40 stats={'avg': np.float64(230.77142857142857), 'std': np.float64(13.272066723085777), 'min': np.float64(228.0), 'max': np.float64(300.0)} top3=[([22, 55, 59, 33, 14, 28], (228.0,)), ([22, 55, 59, 33, 14, 28], (228.0,)), ([22, 55, 59, 33, 14, 28], (228.0,))] overall_top3=[([22, 55, 59, 33, 14, 28], (228.0,), 35), ([22, 55, 59, 33, 13, 28], (228.0,), 67), ([32, 55, 59, 33, 14, 28], (233.0,), 27)]
gen=172 nevals=40 stats={'avg': np.float64(231.22857142857143), 'std': np.float64(13.326848763274223), 'min': np.float64(228.0), 'max': np.float64(300.0)} top3=[([22, 55, 59, 33, 14, 28], (228.0,)), ([22, 55, 59, 33, 14, 28], (228.0,)), ([22, 55, 59, 33, 14, 28], (228.0,))] overall_top3=[([22, 55, 59, 33, 14, 28], (228.0,), 35), ([22, 55, 59, 33, 13, 28], (228.0,), 67), ([32, 55, 59, 33, 14, 28], (233.0,), 27)]
gen=173 nevals=35 stats={'avg': np.float64(232.09285714285716), 'std': np.float64(13.358596177620411), 'min': np.float64(228.0), 'max': np.float64(300.0)} top3=[([22, 55, 59, 33, 14, 28], (228.0,)), ([22, 55, 59, 33, 14, 28], (228.0,)), ([22, 55, 59, 33, 14, 28], (228.0,))] overall_top3=[([22, 55, 59, 33, 14, 28], (228.0,), 35), ([22, 55, 59, 33, 13, 28], (228.0,), 67), ([32, 55, 59, 33, 14, 28], (233.0,), 27)]
gen=174 nevals=39 stats={'avg': np.float64(232.81428571428572), 'std': np.float64(16.916004980189502), 'min': np.float64(228.0), 'max': np.float64(300.0)} top3=[([22, 55, 59, 33, 14, 28], (228.0,)), ([22, 55, 59, 33, 14, 28], (228.0,)), ([22, 55, 59, 33, 14, 28], (228.0,))] overall_top3=[([22, 55, 59, 33, 14, 28], (228.0,), 35), ([22, 55, 59, 33, 13, 28], (228.0,), 67), ([32, 55, 59, 33, 14, 28], (233.0,), 27)]
gen=175 nevals=39 stats={'avg': np.float64(234.25714285714287), 'std': np.float64(19.232922454022663), 'min': np.float64(228.0), 'max': np.float64(300.0)} top3=[([22, 55, 59, 33, 14, 28], (228.0,)), ([22, 55, 59, 33, 14, 28], (228.0,)), ([22, 55, 59, 33, 14, 28], (228.0,))] overall_top3=[([22, 55, 59, 33, 14, 28], (228.0,), 35), ([22, 55, 59, 33, 13, 28], (228.0,), 67), ([32, 55, 59, 33, 14, 28], (233.0,), 27)]
gen=176 nevals=42 stats={'avg': np.float64(233.15), 'std': np.float64(18.540948889263614), 'min': np.float64(228.0), 'max': np.float64(300.0)} top3=[([22, 55, 59, 33, 14, 28], (228.0,)), ([22, 55, 59, 33, 14, 28], (228.0,)), ([22, 55, 59, 33, 14, 28], (228.0,))] overall_top3=[([22, 55, 59, 33, 14, 28], (228.0,), 35), ([22, 55, 59, 33, 13, 28], (228.0,), 67), ([32, 55, 59, 33, 14, 28], (233.0,), 27)]
gen=177 nevals=50 stats={'avg': np.float64(233.99285714285713), 'std': np.float64(19.567920697104313), 'min': np.float64(228.0), 'max': np.float64(300.0)} top3=[([22, 55, 59, 33, 14, 28], (228.0,)), ([22, 55, 59, 33, 14, 28], (228.0,)), ([22, 55, 59, 33, 14, 28], (228.0,))] overall_top3=[([22, 55, 59, 33, 14, 28], (228.0,), 35), ([22, 55, 59, 33, 13, 28], (228.0,), 67), ([32, 55, 59, 33, 14, 28], (233.0,), 27)]
gen=178 nevals=33 stats={'avg': np.float64(233.38571428571427), 'std': np.float64(17.73881366394274), 'min': np.float64(228.0), 'max': np.float64(300.0)} top3=[([22, 55, 59, 33, 14, 28], (228.0,)), ([22, 55, 59, 33, 14, 28], (228.0,)), ([22, 55, 59, 33, 14, 28], (228.0,))] overall_top3=[([22, 55, 59, 33, 14, 28], (228.0,), 35), ([22, 55, 59, 33, 13, 28], (228.0,), 67), ([32, 55, 59, 33, 14, 28], (233.0,), 27)]
gen=179 nevals=36 stats={'avg': np.float64(232.12142857142857), 'std': np.float64(16.71065436743143), 'min': np.float64(228.0), 'max': np.float64(300.0)} top3=[([22, 55, 59, 33, 14, 28], (228.0,)), ([22, 55, 59, 33, 14, 28], (228.0,)), ([22, 55, 59, 33, 14, 28], (228.0,))] overall_top3=[([22, 55, 59, 33, 14, 28], (228.0,), 35), ([22, 55, 59, 33, 13, 28], (228.0,), 67), ([32, 55, 59, 33, 14, 28], (233.0,), 27)]
gen=180 nevals=42 stats={'avg': np.float64(232.57857142857142), 'std': np.float64(16.72735905085817), 'min': np.float64(228.0), 'max': np.float64(300.0)} top3=[([22, 55, 59, 33, 14, 28], (228.0,)), ([22, 55, 59, 33, 14, 28], (228.0,)), ([22, 55, 59, 33, 14, 28], (228.0,))] overall_top3=[([22, 55, 59, 33, 14, 28], (228.0,), 35), ([22, 55, 59, 33, 13, 28], (228.0,), 67), ([32, 55, 59, 33, 14, 28], (233.0,), 27)]
gen=181 nevals=34 stats={'avg': np.float64(231.0857142857143), 'std': np.float64(14.582516789579474), 'min': np.float64(228.0), 'max': np.float64(300.0)} top3=[([22, 55, 59, 33, 14, 28], (228.0,)), ([22, 55, 59, 33, 14, 28], (228.0,)), ([22, 55, 59, 33, 14, 28], (228.0,))] overall_top3=[([22, 55, 59, 33, 14, 28], (228.0,), 35), ([22, 55, 59, 33, 13, 28], (228.0,), 67), ([32, 55, 59, 33, 14, 28], (233.0,), 27)]
gen=182 nevals=46 stats={'avg': np.float64(234.27857142857144), 'std': np.float64(19.37664937021689), 'min': np.float64(228.0), 'max': np.float64(300.0)} top3=[([22, 55, 59, 33, 14, 28], (228.0,)), ([22, 55, 59, 33, 14, 28], (228.0,)), ([22, 55, 59, 33, 14, 28], (228.0,))] overall_top3=[([22, 55, 59, 33, 14, 28], (228.0,), 35), ([22, 55, 59, 33, 13, 28], (228.0,), 67), ([32, 55, 59, 33, 14, 28], (233.0,), 27)]
gen=183 nevals=50 stats={'avg': np.float64(238.97142857142856), 'std': np.float64(24.55996825764086), 'min': np.float64(228.0), 'max': np.float64(300.0)} top3=[([22, 55, 59, 33, 14, 28], (228.0,)), ([22, 55, 59, 33, 29, 28], (228.0,)), ([22, 55, 59, 33, 14, 28], (228.0,))] overall_top3=[([22, 55, 59, 33, 14, 28], (228.0,), 35), ([22, 55, 59, 33, 13, 28], (228.0,), 67), ([22, 55, 59, 33, 29, 28], (228.0,), 183)]
gen=184 nevals=41 stats={'avg': np.float64(235.0), 'std': np.float64(20.78392235771267), 'min': np.float64(228.0), 'max': np.float64(300.0)} top3=[([22, 55, 59, 33, 14, 28], (228.0,)), ([22, 55, 59, 33, 14, 28], (228.0,)), ([22, 55, 59, 33, 14, 28], (228.0,))] overall_top3=[([22, 55, 59, 33, 14, 28], (228.0,), 35), ([22, 55, 59, 33, 13, 28], (228.0,), 67), ([22, 55, 59, 33, 29, 28], (228.0,), 183)]
gen=185 nevals=43 stats={'avg': np.float64(236.92857142857142), 'std': np.float64(23.32645428237552), 'min': np.float64(228.0), 'max': np.float64(300.0)} top3=[([22, 55, 59, 33, 14, 28], (228.0,)), ([22, 55, 59, 33, 14, 28], (228.0,)), ([22, 55, 59, 33, 14, 28], (228.0,))] overall_top3=[([22, 55, 59, 33, 14, 28], (228.0,), 35), ([22, 55, 59, 33, 13, 28], (228.0,), 67), ([22, 55, 59, 33, 29, 28], (228.0,), 183)]
gen=186 nevals=46 stats={'avg': np.float64(233.03571428571428), 'std': np.float64(16.853639163730325), 'min': np.float64(228.0), 'max': np.float64(300.0)} top3=[([22, 55, 59, 33, 14, 28], (228.0,)), ([22, 55, 59, 33, 14, 28], (228.0,)), ([22, 55, 59, 33, 14, 28], (228.0,))] overall_top3=[([22, 55, 59, 33, 14, 28], (228.0,), 35), ([22, 55, 59, 33, 13, 28], (228.0,), 67), ([22, 55, 59, 33, 29, 28], (228.0,), 183)]
gen=187 nevals=41 stats={'avg': np.float64(235.9), 'std': np.float64(22.061051652176516), 'min': np.float64(228.0), 'max': np.float64(300.0)} top3=[([22, 55, 59, 33, 14, 28], (228.0,)), ([22, 55, 59, 33, 14, 28], (228.0,)), ([22, 55, 59, 33, 14, 28], (228.0,))] overall_top3=[([22, 55, 59, 33, 14, 28], (228.0,), 35), ([22, 55, 59, 33, 13, 28], (228.0,), 67), ([22, 55, 59, 33, 29, 28], (228.0,), 183)]
gen=188 nevals=43 stats={'avg': np.float64(230.07142857142858), 'std': np.float64(11.992940100112984), 'min': np.float64(228.0), 'max': np.float64(300.0)} top3=[([22, 55, 59, 33, 14, 28], (228.0,)), ([22, 55, 59, 33, 14, 28], (228.0,)), ([22, 55, 59, 33, 14, 28], (228.0,))] overall_top3=[([22, 55, 59, 33, 14, 28], (228.0,), 35), ([22, 55, 59, 33, 13, 28], (228.0,), 67), ([22, 55, 59, 33, 29, 28], (228.0,), 183)]
gen=189 nevals=47 stats={'avg': np.float64(230.68571428571428), 'std': np.float64(11.641726500754402), 'min': np.float64(228.0), 'max': np.float64(300.0)} top3=[([22, 55, 59, 33, 14, 28], (228.0,)), ([22, 55, 59, 33, 14, 28], (228.0,)), ([22, 55, 59, 33, 14, 28], (228.0,))] overall_top3=[([22, 55, 59, 33, 14, 28], (228.0,), 35), ([22, 55, 59, 33, 13, 28], (228.0,), 67), ([22, 55, 59, 33, 29, 28], (228.0,), 183)]
gen=190 nevals=43 stats={'avg': np.float64(230.52142857142857), 'std': np.float64(11.912309274229658), 'min': np.float64(228.0), 'max': np.float64(291.0)} top3=[([22, 55, 59, 33, 14, 28], (228.0,)), ([22, 55, 59, 33, 14, 28], (228.0,)), ([22, 55, 59, 33, 14, 28], (228.0,))] overall_top3=[([22, 55, 59, 33, 14, 28], (228.0,), 35), ([22, 55, 59, 33, 13, 28], (228.0,), 67), ([22, 55, 59, 33, 29, 28], (228.0,), 183)]
gen=191 nevals=42 stats={'avg': np.float64(233.27857142857144), 'std': np.float64(18.53599504329071), 'min': np.float64(228.0), 'max': np.float64(300.0)} top3=[([22, 55, 59, 33, 14, 28], (228.0,)), ([22, 55, 59, 33, 14, 28], (228.0,)), ([22, 55, 59, 33, 14, 28], (228.0,))] overall_top3=[([22, 55, 59, 33, 14, 28], (228.0,), 35), ([22, 55, 59, 33, 13, 28], (228.0,), 67), ([22, 55, 59, 33, 29, 28], (228.0,), 183)]
gen=192 nevals=46 stats={'avg': np.float64(234.27142857142857), 'std': np.float64(18.693712792251407), 'min': np.float64(228.0), 'max': np.float64(300.0)} top3=[([22, 55, 59, 33, 14, 28], (228.0,)), ([22, 55, 59, 33, 14, 28], (228.0,)), ([22, 55, 59, 33, 14, 28], (228.0,))] overall_top3=[([22, 55, 59, 33, 14, 28], (228.0,), 35), ([22, 55, 59, 33, 13, 28], (228.0,), 67), ([22, 55, 59, 33, 29, 28], (228.0,), 183)]
gen=193 nevals=37 stats={'avg': np.float64(233.27142857142857), 'std': np.float64(17.04336605634615), 'min': np.float64(228.0), 'max': np.float64(300.0)} top3=[([22, 55, 59, 33, 14, 28], (228.0,)), ([22, 55, 59, 33, 14, 28], (228.0,)), ([22, 55, 59, 33, 14, 28], (228.0,))] overall_top3=[([22, 55, 59, 33, 14, 28], (228.0,), 35), ([22, 55, 59, 33, 13, 28], (228.0,), 67), ([22, 55, 59, 33, 29, 28], (228.0,), 183)]
gen=194 nevals=40 stats={'avg': np.float64(235.37857142857143), 'std': np.float64(21.56359957267367), 'min': np.float64(228.0), 'max': np.float64(300.0)} top3=[([22, 55, 59, 33, 14, 28], (228.0,)), ([22, 55, 59, 33, 14, 28], (228.0,)), ([22, 55, 59, 33, 14, 28], (228.0,))] overall_top3=[([22, 55, 59, 33, 14, 28], (228.0,), 35), ([22, 55, 59, 33, 13, 28], (228.0,), 67), ([22, 55, 59, 33, 29, 28], (228.0,), 183)]
gen=195 nevals=50 stats={'avg': np.float64(232.5142857142857), 'std': np.float64(16.919551545173885), 'min': np.float64(228.0), 'max': np.float64(300.0)} top3=[([22, 55, 59, 33, 14, 28], (228.0,)), ([22, 55, 59, 33, 14, 28], (228.0,)), ([22, 55, 59, 33, 14, 28], (228.0,))] overall_top3=[([22, 55, 59, 33, 14, 28], (228.0,), 35), ([22, 55, 59, 33, 13, 28], (228.0,), 67), ([22, 55, 59, 33, 29, 28], (228.0,), 183)]
gen=196 nevals=47 stats={'avg': np.float64(233.0), 'std': np.float64(18.059425714647105), 'min': np.float64(228.0), 'max': np.float64(300.0)} top3=[([22, 55, 59, 33, 14, 28], (228.0,)), ([22, 55, 59, 33, 14, 28], (228.0,)), ([22, 55, 59, 33, 14, 28], (228.0,))] overall_top3=[([22, 55, 59, 33, 14, 28], (228.0,), 35), ([22, 55, 59, 33, 13, 28], (228.0,), 67), ([22, 55, 59, 33, 29, 28], (228.0,), 183)]
gen=197 nevals=48 stats={'avg': np.float64(238.78571428571428), 'std': np.float64(24.88524683831932), 'min': np.float64(228.0), 'max': np.float64(301.0)} top3=[([22, 55, 59, 33, 14, 28], (228.0,)), ([22, 55, 59, 33, 14, 28], (228.0,)), ([22, 55, 59, 33, 14, 28], (228.0,))] overall_top3=[([22, 55, 59, 33, 14, 28], (228.0,), 35), ([22, 55, 59, 33, 13, 28], (228.0,), 67), ([22, 55, 59, 33, 29, 28], (228.0,), 183)]
gen=198 nevals=37 stats={'avg': np.float64(234.49285714285713), 'std': np.float64(19.342494457456482), 'min': np.float64(228.0), 'max': np.float64(300.0)} top3=[([22, 55, 59, 33, 14, 28], (228.0,)), ([22, 55, 59, 33, 14, 28], (228.0,)), ([22, 55, 59, 33, 14, 28], (228.0,))] overall_top3=[([22, 55, 59, 33, 14, 28], (228.0,), 35), ([22, 55, 59, 33, 13, 28], (228.0,), 67), ([22, 55, 59, 33, 29, 28], (228.0,), 183)]
gen=199 nevals=41 stats={'avg': np.float64(230.81428571428572), 'std': np.float64(12.661858199380708), 'min': np.float64(228.0), 'max': np.float64(300.0)} top3=[([22, 55, 59, 33, 14, 28], (228.0,)), ([22, 55, 59, 33, 14, 28], (228.0,)), ([22, 55, 59, 33, 14, 28], (228.0,))] overall_top3=[([22, 55, 59, 33, 14, 28], (228.0,), 35), ([22, 55, 59, 33, 13, 28], (228.0,), 67), ([22, 55, 59, 33, 29, 28], (228.0,), 183)]
gen=200 nevals=37 stats={'avg': np.float64(234.88571428571427), 'std': np.float64(20.640143173051914), 'min': np.float64(228.0), 'max': np.float64(300.0)} top3=[([22, 55, 59, 33, 14, 28], (228.0,)), ([22, 55, 59, 33, 14, 28], (228.0,)), ([22, 55, 59, 33, 14, 28], (228.0,))] overall_top3=[([22, 55, 59, 33, 14, 28], (228.0,), 35), ([22, 55, 59, 33, 13, 28], (228.0,), 67), ([22, 55, 59, 33, 29, 28], (228.0,), 183)]
