# GA run_dir=experiments/ga_shelter/20260311-112311_85911e49
#S3 0.380, 0.40, ngen=200 pop_n=70 tournsize=3
gen=0 nevals=70 stats={'avg': np.float64(297.54285714285714), 'std': np.float64(10.763278462685342), 'min': np.float64(225.0), 'max': np.float64(300.0)} top3=[([62, 52, 55, 46, 48, 1], (225.0,)), ([41, 42, 31, 53, 27, 46], (257.0,)), ([48, 43, 41, 40, 18, 52], (276.0,))] overall_top3=[([62, 52, 55, 46, 48, 1], (225.0,), 0), ([41, 42, 31, 53, 27, 46], (257.0,), 0), ([48, 43, 41, 40, 18, 52], (276.0,), 0)]
gen=1 nevals=52 stats={'avg': np.float64(295.51428571428573), 'std': np.float64(14.300592252613534), 'min': np.float64(222.0), 'max': np.float64(300.0)} top3=[([33, 17, 0, 35, 29, 52], (222.0,)), ([62, 52, 55, 46, 48, 1], (225.0,)), ([41, 42, 31, 53, 27, 46], (257.0,))] overall_top3=[([33, 17, 0, 35, 29, 52], (222.0,), 1), ([62, 52, 55, 46, 48, 1], (225.0,), 0), ([41, 42, 31, 53, 27, 46], (257.0,), 0)]
gen=2 nevals=47 stats={'avg': np.float64(294.12857142857143), 'std': np.float64(17.034353045345437), 'min': np.float64(221.0), 'max': np.float64(300.0)} top3=[([33, 49, 0, 35, 29, 52], (221.0,)), ([33, 17, 0, 35, 29, 52], (222.0,)), ([33, 17, 0, 35, 29, 52], (222.0,))] overall_top3=[([33, 49, 0, 35, 29, 52], (221.0,), 2), ([33, 17, 0, 35, 29, 52], (222.0,), 1), ([62, 52, 55, 46, 48, 1], (225.0,), 0)]
gen=3 nevals=54 stats={'avg': np.float64(289.51428571428573), 'std': np.float64(23.4999956578372), 'min': np.float64(221.0), 'max': np.float64(300.0)} top3=[([33, 49, 0, 35, 29, 52], (221.0,)), ([33, 49, 0, 35, 29, 52], (221.0,)), ([33, 17, 0, 35, 29, 52], (222.0,))] overall_top3=[([33, 49, 0, 35, 29, 52], (221.0,), 2), ([33, 17, 0, 35, 29, 52], (222.0,), 1), ([62, 52, 55, 46, 48, 1], (225.0,), 0)]
gen=4 nevals=46 stats={'avg': np.float64(277.8142857142857), 'std': np.float64(30.55687570844285), 'min': np.float64(221.0), 'max': np.float64(300.0)} top3=[([33, 49, 0, 35, 29, 52], (221.0,)), ([33, 49, 0, 35, 29, 52], (221.0,)), ([33, 49, 0, 35, 29, 52], (221.0,))] overall_top3=[([33, 49, 0, 35, 29, 52], (221.0,), 2), ([33, 17, 0, 35, 29, 52], (222.0,), 1), ([62, 52, 55, 46, 48, 1], (225.0,), 0)]
gen=5 nevals=39 stats={'avg': np.float64(250.37142857142857), 'std': np.float64(32.699135606125054), 'min': np.float64(221.0), 'max': np.float64(300.0)} top3=[([33, 49, 0, 35, 29, 52], (221.0,)), ([33, 49, 0, 35, 29, 52], (221.0,)), ([33, 49, 0, 35, 29, 52], (221.0,))] overall_top3=[([33, 49, 0, 35, 29, 52], (221.0,), 2), ([33, 17, 0, 35, 29, 52], (222.0,), 1), ([62, 52, 55, 46, 48, 1], (225.0,), 0)]
gen=6 nevals=40 stats={'avg': np.float64(229.85), 'std': np.float64(21.575341414282583), 'min': np.float64(221.0), 'max': np.float64(300.0)} top3=[([33, 49, 0, 35, 29, 52], (221.0,)), ([33, 49, 0, 35, 29, 52], (221.0,)), ([33, 49, 0, 35, 29, 52], (221.0,))] overall_top3=[([33, 49, 0, 35, 29, 52], (221.0,), 2), ([33, 17, 0, 35, 29, 52], (222.0,), 1), ([62, 52, 55, 46, 48, 1], (225.0,), 0)]
gen=7 nevals=45 stats={'avg': np.float64(223.45714285714286), 'std': np.float64(13.133039811630722), 'min': np.float64(221.0), 'max': np.float64(300.0)} top3=[([33, 49, 0, 35, 29, 52], (221.0,)), ([33, 49, 0, 35, 29, 52], (221.0,)), ([33, 49, 0, 35, 29, 52], (221.0,))] overall_top3=[([33, 49, 0, 35, 29, 52], (221.0,), 2), ([33, 17, 0, 35, 29, 52], (222.0,), 1), ([62, 52, 55, 46, 48, 1], (225.0,), 0)]
gen=8 nevals=46 stats={'avg': np.float64(234.37142857142857), 'std': np.float64(29.39104403364663), 'min': np.float64(221.0), 'max': np.float64(300.0)} top3=[([33, 49, 0, 35, 29, 52], (221.0,)), ([33, 49, 0, 35, 29, 52], (221.0,)), ([33, 49, 0, 35, 29, 52], (221.0,))] overall_top3=[([33, 49, 0, 35, 29, 52], (221.0,), 2), ([33, 17, 0, 35, 29, 52], (222.0,), 1), ([62, 52, 55, 46, 48, 1], (225.0,), 0)]
gen=9 nevals=43 stats={'avg': np.float64(228.8), 'std': np.float64(23.747842007222474), 'min': np.float64(214.0), 'max': np.float64(300.0)} top3=[([33, 49, 0, 35, 56, 52], (214.0,)), ([33, 49, 0, 35, 29, 52], (221.0,)), ([33, 49, 0, 14, 29, 52], (221.0,))] overall_top3=[([33, 49, 0, 35, 56, 52], (214.0,), 9), ([33, 49, 0, 35, 29, 52], (221.0,), 2), ([33, 49, 0, 14, 29, 52], (221.0,), 9)]
gen=10 nevals=45 stats={'avg': np.float64(226.54285714285714), 'std': np.float64(20.390253774281277), 'min': np.float64(214.0), 'max': np.float64(300.0)} top3=[([33, 49, 0, 35, 56, 52], (214.0,)), ([33, 49, 0, 35, 29, 52], (221.0,)), ([33, 49, 0, 14, 29, 52], (221.0,))] overall_top3=[([33, 49, 0, 35, 56, 52], (214.0,), 9), ([33, 49, 0, 35, 29, 52], (221.0,), 2), ([33, 49, 0, 14, 29, 52], (221.0,), 9)]
gen=11 nevals=37 stats={'avg': np.float64(226.02857142857144), 'std': np.float64(18.991706030769944), 'min': np.float64(214.0), 'max': np.float64(300.0)} top3=[([33, 49, 0, 35, 56, 52], (214.0,)), ([33, 49, 0, 35, 28, 52], (215.0,)), ([33, 49, 0, 35, 29, 52], (221.0,))] overall_top3=[([33, 49, 0, 35, 56, 52], (214.0,), 9), ([33, 49, 0, 35, 28, 52], (215.0,), 11), ([33, 49, 0, 35, 29, 52], (221.0,), 2)]
gen=12 nevals=44 stats={'avg': np.float64(230.82857142857142), 'std': np.float64(25.92460024685402), 'min': np.float64(215.0), 'max': np.float64(300.0)} top3=[([33, 49, 0, 35, 28, 52], (215.0,)), ([33, 49, 0, 35, 29, 52], (221.0,)), ([33, 49, 0, 35, 29, 52], (221.0,))] overall_top3=[([33, 49, 0, 35, 56, 52], (214.0,), 9), ([33, 49, 0, 35, 28, 52], (215.0,), 11), ([33, 49, 0, 35, 29, 52], (221.0,), 2)]
gen=13 nevals=47 stats={'avg': np.float64(229.97142857142856), 'std': np.float64(25.143571418425612), 'min': np.float64(215.0), 'max': np.float64(300.0)} top3=[([33, 49, 0, 35, 28, 52], (215.0,)), ([33, 49, 0, 35, 28, 52], (215.0,)), ([33, 49, 0, 35, 29, 52], (221.0,))] overall_top3=[([33, 49, 0, 35, 56, 52], (214.0,), 9), ([33, 49, 0, 35, 28, 52], (215.0,), 11), ([33, 49, 0, 35, 29, 52], (221.0,), 2)]
gen=14 nevals=44 stats={'avg': np.float64(224.64285714285714), 'std': np.float64(17.251116497437586), 'min': np.float64(215.0), 'max': np.float64(300.0)} top3=[([33, 49, 0, 35, 28, 52], (215.0,)), ([33, 49, 0, 35, 28, 52], (215.0,)), ([33, 49, 0, 35, 28, 52], (215.0,))] overall_top3=[([33, 49, 0, 35, 56, 52], (214.0,), 9), ([33, 49, 0, 35, 28, 52], (215.0,), 11), ([33, 49, 0, 35, 29, 52], (221.0,), 2)]
gen=15 nevals=51 stats={'avg': np.float64(232.9), 'std': np.float64(30.213596749996988), 'min': np.float64(215.0), 'max': np.float64(300.0)} top3=[([33, 49, 0, 35, 28, 52], (215.0,)), ([33, 49, 0, 35, 28, 52], (215.0,)), ([33, 49, 0, 35, 28, 52], (215.0,))] overall_top3=[([33, 49, 0, 35, 56, 52], (214.0,), 9), ([33, 49, 0, 35, 28, 52], (215.0,), 11), ([33, 49, 0, 35, 29, 52], (221.0,), 2)]
gen=16 nevals=46 stats={'avg': np.float64(221.31428571428572), 'std': np.float64(17.046610770927757), 'min': np.float64(215.0), 'max': np.float64(300.0)} top3=[([33, 49, 0, 35, 28, 52], (215.0,)), ([33, 49, 0, 35, 28, 52], (215.0,)), ([33, 49, 0, 35, 28, 52], (215.0,))] overall_top3=[([33, 49, 0, 35, 56, 52], (214.0,), 9), ([33, 49, 0, 35, 28, 52], (215.0,), 11), ([33, 49, 0, 35, 29, 52], (221.0,), 2)]
gen=17 nevals=42 stats={'avg': np.float64(222.71428571428572), 'std': np.float64(23.250279787651625), 'min': np.float64(213.0), 'max': np.float64(300.0)} top3=[([33, 49, 0, 23, 28, 52], (213.0,)), ([33, 49, 0, 35, 28, 52], (215.0,)), ([33, 49, 0, 35, 28, 52], (215.0,))] overall_top3=[([33, 49, 0, 23, 28, 52], (213.0,), 17), ([33, 49, 0, 35, 56, 52], (214.0,), 9), ([33, 49, 0, 35, 28, 52], (215.0,), 11)]
gen=18 nevals=53 stats={'avg': np.float64(224.84285714285716), 'std': np.float64(27.043687256144704), 'min': np.float64(213.0), 'max': np.float64(300.0)} top3=[([33, 49, 0, 23, 28, 52], (213.0,)), ([33, 49, 0, 23, 28, 52], (213.0,)), ([33, 49, 0, 35, 28, 52], (215.0,))] overall_top3=[([33, 49, 0, 23, 28, 52], (213.0,), 17), ([33, 49, 0, 35, 56, 52], (214.0,), 9), ([33, 49, 0, 35, 28, 52], (215.0,), 11)]
gen=19 nevals=43 stats={'avg': np.float64(224.38571428571427), 'std': np.float64(26.7417772981009), 'min': np.float64(213.0), 'max': np.float64(300.0)} top3=[([33, 49, 0, 23, 28, 52], (213.0,)), ([33, 49, 0, 23, 28, 52], (213.0,)), ([33, 49, 0, 23, 28, 52], (213.0,))] overall_top3=[([33, 49, 0, 23, 28, 52], (213.0,), 17), ([33, 49, 0, 35, 56, 52], (214.0,), 9), ([33, 49, 0, 35, 28, 52], (215.0,), 11)]
gen=20 nevals=44 stats={'avg': np.float64(223.5142857142857), 'std': np.float64(25.960818200369825), 'min': np.float64(213.0), 'max': np.float64(300.0)} top3=[([33, 49, 0, 23, 28, 52], (213.0,)), ([33, 49, 0, 23, 28, 52], (213.0,)), ([33, 49, 0, 23, 28, 52], (213.0,))] overall_top3=[([33, 49, 0, 23, 28, 52], (213.0,), 17), ([33, 49, 0, 35, 56, 52], (214.0,), 9), ([33, 49, 0, 35, 28, 52], (215.0,), 11)]
gen=21 nevals=40 stats={'avg': np.float64(221.71428571428572), 'std': np.float64(24.481563242070767), 'min': np.float64(213.0), 'max': np.float64(300.0)} top3=[([33, 49, 0, 23, 28, 52], (213.0,)), ([33, 49, 0, 23, 28, 52], (213.0,)), ([33, 49, 0, 23, 28, 52], (213.0,))] overall_top3=[([33, 49, 0, 23, 28, 52], (213.0,), 17), ([33, 49, 0, 35, 56, 52], (214.0,), 9), ([33, 49, 0, 35, 28, 52], (215.0,), 11)]
gen=22 nevals=48 stats={'avg': np.float64(220.6), 'std': np.float64(22.929332430628804), 'min': np.float64(213.0), 'max': np.float64(300.0)} top3=[([33, 49, 0, 23, 28, 52], (213.0,)), ([33, 49, 0, 23, 28, 52], (213.0,)), ([33, 49, 0, 23, 28, 52], (213.0,))] overall_top3=[([33, 49, 0, 23, 28, 52], (213.0,), 17), ([33, 49, 0, 35, 56, 52], (214.0,), 9), ([33, 49, 0, 35, 28, 52], (215.0,), 11)]
gen=23 nevals=49 stats={'avg': np.float64(222.55714285714285), 'std': np.float64(26.357777770130614), 'min': np.float64(213.0), 'max': np.float64(300.0)} top3=[([33, 49, 0, 23, 28, 52], (213.0,)), ([33, 49, 0, 23, 28, 52], (213.0,)), ([33, 49, 0, 23, 28, 52], (213.0,))] overall_top3=[([33, 49, 0, 23, 28, 52], (213.0,), 17), ([33, 49, 0, 35, 56, 52], (214.0,), 9), ([33, 49, 0, 35, 28, 52], (215.0,), 11)]
gen=24 nevals=46 stats={'avg': np.float64(223.14285714285714), 'std': np.float64(26.922792104346783), 'min': np.float64(212.0), 'max': np.float64(300.0)} top3=[([38, 49, 0, 23, 28, 52], (212.0,)), ([33, 49, 0, 23, 28, 52], (213.0,)), ([33, 49, 0, 23, 28, 52], (213.0,))] overall_top3=[([38, 49, 0, 23, 28, 52], (212.0,), 24), ([33, 49, 0, 23, 28, 52], (213.0,), 17), ([33, 49, 0, 35, 56, 52], (214.0,), 9)]
gen=25 nevals=48 stats={'avg': np.float64(221.5857142857143), 'std': np.float64(24.548199152537705), 'min': np.float64(212.0), 'max': np.float64(300.0)} top3=[([38, 49, 0, 23, 28, 52], (212.0,)), ([33, 49, 0, 23, 28, 52], (213.0,)), ([33, 49, 0, 23, 28, 52], (213.0,))] overall_top3=[([38, 49, 0, 23, 28, 52], (212.0,), 24), ([33, 49, 0, 23, 28, 52], (213.0,), 17), ([33, 49, 0, 35, 56, 52], (214.0,), 9)]
gen=26 nevals=54 stats={'avg': np.float64(223.94285714285715), 'std': np.float64(28.305418822089134), 'min': np.float64(212.0), 'max': np.float64(300.0)} top3=[([38, 49, 0, 23, 28, 52], (212.0,)), ([38, 49, 0, 23, 28, 52], (212.0,)), ([33, 49, 0, 23, 28, 52], (213.0,))] overall_top3=[([38, 49, 0, 23, 28, 52], (212.0,), 24), ([33, 49, 0, 23, 28, 52], (213.0,), 17), ([33, 49, 0, 35, 56, 52], (214.0,), 9)]
gen=27 nevals=44 stats={'avg': np.float64(217.92857142857142), 'std': np.float64(20.208429237446882), 'min': np.float64(212.0), 'max': np.float64(300.0)} top3=[([38, 49, 0, 23, 28, 52], (212.0,)), ([38, 49, 0, 23, 28, 52], (212.0,)), ([38, 49, 0, 23, 28, 52], (212.0,))] overall_top3=[([38, 49, 0, 23, 28, 52], (212.0,), 24), ([33, 49, 0, 23, 28, 52], (213.0,), 17), ([33, 49, 0, 35, 56, 52], (214.0,), 9)]
gen=28 nevals=51 stats={'avg': np.float64(223.88571428571427), 'std': np.float64(28.36322712706057), 'min': np.float64(212.0), 'max': np.float64(300.0)} top3=[([38, 49, 0, 23, 28, 52], (212.0,)), ([38, 49, 0, 23, 28, 52], (212.0,)), ([38, 49, 0, 23, 28, 52], (212.0,))] overall_top3=[([38, 49, 0, 23, 28, 52], (212.0,), 24), ([33, 49, 0, 23, 28, 52], (213.0,), 17), ([33, 49, 0, 35, 56, 52], (214.0,), 9)]
gen=29 nevals=44 stats={'avg': np.float64(216.72857142857143), 'std': np.float64(17.85490843163417), 'min': np.float64(212.0), 'max': np.float64(300.0)} top3=[([38, 49, 0, 23, 28, 52], (212.0,)), ([38, 49, 0, 23, 28, 52], (212.0,)), ([38, 49, 0, 23, 28, 52], (212.0,))] overall_top3=[([38, 49, 0, 23, 28, 52], (212.0,), 24), ([33, 49, 0, 23, 28, 52], (213.0,), 17), ([33, 49, 0, 35, 56, 52], (214.0,), 9)]
gen=30 nevals=49 stats={'avg': np.float64(223.24285714285713), 'std': np.float64(28.588926784576536), 'min': np.float64(212.0), 'max': np.float64(300.0)} top3=[([38, 49, 0, 23, 28, 52], (212.0,)), ([38, 49, 0, 23, 28, 52], (212.0,)), ([38, 49, 0, 23, 28, 52], (212.0,))] overall_top3=[([38, 49, 0, 23, 28, 52], (212.0,), 24), ([33, 49, 0, 23, 28, 52], (213.0,), 17), ([33, 49, 0, 35, 56, 52], (214.0,), 9)]
gen=31 nevals=33 stats={'avg': np.float64(214.99285714285713), 'std': np.float64(14.819989603125054), 'min': np.float64(212.0), 'max': np.float64(300.0)} top3=[([38, 49, 0, 23, 28, 52], (212.0,)), ([38, 49, 0, 23, 28, 52], (212.0,)), ([38, 49, 0, 23, 28, 52], (212.0,))] overall_top3=[([38, 49, 0, 23, 28, 52], (212.0,), 24), ([33, 49, 0, 23, 28, 52], (213.0,), 17), ([33, 49, 0, 35, 56, 52], (214.0,), 9)]
gen=32 nevals=44 stats={'avg': np.float64(220.2), 'std': np.float64(24.713559031430496), 'min': np.float64(212.0), 'max': np.float64(300.0)} top3=[([38, 49, 0, 23, 28, 52], (212.0,)), ([38, 49, 0, 23, 28, 52], (212.0,)), ([38, 49, 0, 23, 28, 52], (212.0,))] overall_top3=[([38, 49, 0, 23, 28, 52], (212.0,), 24), ([33, 49, 0, 23, 28, 52], (213.0,), 17), ([33, 49, 0, 35, 56, 52], (214.0,), 9)]
gen=33 nevals=45 stats={'avg': np.float64(220.67142857142858), 'std': np.float64(24.573924291859473), 'min': np.float64(212.0), 'max': np.float64(300.0)} top3=[([38, 49, 0, 23, 28, 52], (212.0,)), ([38, 49, 0, 23, 28, 52], (212.0,)), ([38, 49, 0, 23, 28, 52], (212.0,))] overall_top3=[([38, 49, 0, 23, 28, 52], (212.0,), 24), ([33, 49, 0, 23, 28, 52], (213.0,), 17), ([33, 49, 0, 35, 56, 52], (214.0,), 9)]
gen=34 nevals=46 stats={'avg': np.float64(220.8), 'std': np.float64(26.400000000000006), 'min': np.float64(212.0), 'max': np.float64(300.0)} top3=[([38, 49, 0, 23, 28, 52], (212.0,)), ([38, 49, 0, 23, 28, 52], (212.0,)), ([38, 49, 0, 23, 28, 52], (212.0,))] overall_top3=[([38, 49, 0, 23, 28, 52], (212.0,), 24), ([33, 49, 0, 23, 28, 52], (213.0,), 17), ([33, 49, 0, 35, 56, 52], (214.0,), 9)]
gen=35 nevals=48 stats={'avg': np.float64(220.8), 'std': np.float64(26.400000000000006), 'min': np.float64(212.0), 'max': np.float64(300.0)} top3=[([38, 49, 0, 23, 28, 52], (212.0,)), ([38, 49, 0, 23, 28, 52], (212.0,)), ([38, 49, 0, 23, 28, 52], (212.0,))] overall_top3=[([38, 49, 0, 23, 28, 52], (212.0,), 24), ([33, 49, 0, 23, 28, 52], (213.0,), 17), ([33, 49, 0, 35, 56, 52], (214.0,), 9)]
gen=36 nevals=45 stats={'avg': np.float64(219.18571428571428), 'std': np.float64(23.626433656964373), 'min': np.float64(212.0), 'max': np.float64(300.0)} top3=[([38, 49, 0, 23, 28, 52], (212.0,)), ([38, 49, 0, 23, 28, 52], (212.0,)), ([38, 49, 0, 23, 28, 52], (212.0,))] overall_top3=[([38, 49, 0, 23, 28, 52], (212.0,), 24), ([33, 49, 0, 23, 28, 52], (213.0,), 17), ([33, 49, 0, 35, 56, 52], (214.0,), 9)]
gen=37 nevals=40 stats={'avg': np.float64(218.28571428571428), 'std': np.float64(22.663465160059367), 'min': np.float64(212.0), 'max': np.float64(300.0)} top3=[([38, 49, 0, 23, 28, 52], (212.0,)), ([38, 49, 0, 23, 28, 52], (212.0,)), ([38, 49, 0, 23, 28, 52], (212.0,))] overall_top3=[([38, 49, 0, 23, 28, 52], (212.0,), 24), ([33, 49, 0, 23, 28, 52], (213.0,), 17), ([33, 49, 0, 35, 56, 52], (214.0,), 9)]
gen=38 nevals=42 stats={'avg': np.float64(217.21428571428572), 'std': np.float64(19.152689372620273), 'min': np.float64(212.0), 'max': np.float64(300.0)} top3=[([38, 49, 0, 23, 28, 52], (212.0,)), ([38, 49, 0, 23, 28, 52], (212.0,)), ([38, 49, 0, 23, 28, 52], (212.0,))] overall_top3=[([38, 49, 0, 23, 28, 52], (212.0,), 24), ([33, 49, 0, 23, 28, 52], (213.0,), 17), ([33, 49, 0, 35, 56, 52], (214.0,), 9)]
gen=39 nevals=42 stats={'avg': np.float64(225.27142857142857), 'std': np.float64(29.804084776885112), 'min': np.float64(212.0), 'max': np.float64(300.0)} top3=[([38, 49, 0, 23, 28, 52], (212.0,)), ([38, 49, 0, 23, 28, 52], (212.0,)), ([38, 49, 0, 23, 28, 52], (212.0,))] overall_top3=[([38, 49, 0, 23, 28, 52], (212.0,), 24), ([33, 49, 0, 23, 28, 52], (213.0,), 17), ([33, 49, 0, 35, 56, 52], (214.0,), 9)]
gen=40 nevals=40 stats={'avg': np.float64(220.31428571428572), 'std': np.float64(24.08944217888401), 'min': np.float64(212.0), 'max': np.float64(300.0)} top3=[([38, 49, 0, 23, 28, 52], (212.0,)), ([38, 49, 0, 23, 28, 52], (212.0,)), ([38, 49, 0, 23, 28, 52], (212.0,))] overall_top3=[([38, 49, 0, 23, 28, 52], (212.0,), 24), ([33, 49, 0, 23, 28, 52], (213.0,), 17), ([33, 49, 0, 35, 56, 52], (214.0,), 9)]
gen=41 nevals=42 stats={'avg': np.float64(217.24285714285713), 'std': np.float64(18.814459268100702), 'min': np.float64(212.0), 'max': np.float64(300.0)} top3=[([38, 49, 0, 23, 28, 52], (212.0,)), ([38, 49, 0, 23, 28, 52], (212.0,)), ([38, 49, 0, 23, 28, 52], (212.0,))] overall_top3=[([38, 49, 0, 23, 28, 52], (212.0,), 24), ([33, 49, 0, 23, 28, 52], (213.0,), 17), ([33, 49, 0, 35, 56, 52], (214.0,), 9)]
gen=42 nevals=39 stats={'avg': np.float64(214.8), 'std': np.float64(14.76830583184331), 'min': np.float64(212.0), 'max': np.float64(300.0)} top3=[([38, 49, 0, 23, 28, 52], (212.0,)), ([38, 49, 0, 23, 28, 52], (212.0,)), ([38, 49, 0, 23, 28, 52], (212.0,))] overall_top3=[([38, 49, 0, 23, 28, 52], (212.0,), 24), ([33, 49, 0, 23, 28, 52], (213.0,), 17), ([33, 49, 0, 35, 56, 52], (214.0,), 9)]
gen=43 nevals=36 stats={'avg': np.float64(214.55714285714285), 'std': np.float64(14.657651063314253), 'min': np.float64(212.0), 'max': np.float64(300.0)} top3=[([38, 49, 0, 23, 28, 52], (212.0,)), ([38, 49, 0, 23, 28, 52], (212.0,)), ([38, 49, 0, 23, 28, 52], (212.0,))] overall_top3=[([38, 49, 0, 23, 28, 52], (212.0,), 24), ([33, 49, 0, 23, 28, 52], (213.0,), 17), ([33, 49, 0, 35, 56, 52], (214.0,), 9)]
gen=44 nevals=40 stats={'avg': np.float64(222.05714285714285), 'std': np.float64(27.997900795945256), 'min': np.float64(212.0), 'max': np.float64(300.0)} top3=[([38, 49, 0, 23, 28, 52], (212.0,)), ([38, 49, 0, 23, 28, 52], (212.0,)), ([38, 49, 0, 23, 28, 52], (212.0,))] overall_top3=[([38, 49, 0, 23, 28, 52], (212.0,), 24), ([33, 49, 0, 23, 28, 52], (213.0,), 17), ([33, 49, 0, 35, 56, 52], (214.0,), 9)]
gen=45 nevals=42 stats={'avg': np.float64(220.28571428571428), 'std': np.float64(24.686111107921654), 'min': np.float64(212.0), 'max': np.float64(300.0)} top3=[([38, 49, 0, 23, 28, 52], (212.0,)), ([38, 49, 0, 23, 28, 52], (212.0,)), ([38, 49, 0, 23, 28, 52], (212.0,))] overall_top3=[([38, 49, 0, 23, 28, 52], (212.0,), 24), ([33, 49, 0, 23, 28, 52], (213.0,), 17), ([33, 49, 0, 35, 56, 52], (214.0,), 9)]
gen=46 nevals=52 stats={'avg': np.float64(219.54285714285714), 'std': np.float64(24.634868270276527), 'min': np.float64(212.0), 'max': np.float64(300.0)} top3=[([38, 49, 0, 23, 28, 52], (212.0,)), ([38, 49, 0, 23, 28, 52], (212.0,)), ([38, 49, 0, 23, 28, 52], (212.0,))] overall_top3=[([38, 49, 0, 23, 28, 52], (212.0,), 24), ([33, 49, 0, 23, 28, 52], (213.0,), 17), ([33, 49, 0, 35, 56, 52], (214.0,), 9)]
gen=47 nevals=36 stats={'avg': np.float64(215.9), 'std': np.float64(17.82786743115556), 'min': np.float64(212.0), 'max': np.float64(300.0)} top3=[([38, 49, 0, 23, 28, 52], (212.0,)), ([38, 49, 0, 23, 28, 52], (212.0,)), ([38, 49, 0, 23, 28, 52], (212.0,))] overall_top3=[([38, 49, 0, 23, 28, 52], (212.0,), 24), ([33, 49, 0, 23, 28, 52], (213.0,), 17), ([33, 49, 0, 35, 56, 52], (214.0,), 9)]
gen=48 nevals=45 stats={'avg': np.float64(218.4), 'std': np.float64(21.2961431786536), 'min': np.float64(212.0), 'max': np.float64(300.0)} top3=[([38, 49, 0, 23, 28, 52], (212.0,)), ([38, 49, 0, 23, 28, 52], (212.0,)), ([38, 49, 0, 23, 28, 52], (212.0,))] overall_top3=[([38, 49, 0, 23, 28, 52], (212.0,), 24), ([33, 49, 0, 23, 28, 52], (213.0,), 17), ([33, 49, 0, 35, 56, 52], (214.0,), 9)]
gen=49 nevals=32 stats={'avg': np.float64(214.5857142857143), 'std': np.float64(14.660435441928007), 'min': np.float64(212.0), 'max': np.float64(300.0)} top3=[([38, 49, 0, 23, 28, 52], (212.0,)), ([38, 49, 0, 23, 28, 52], (212.0,)), ([38, 49, 0, 23, 28, 52], (212.0,))] overall_top3=[([38, 49, 0, 23, 28, 52], (212.0,), 24), ([33, 49, 0, 23, 28, 52], (213.0,), 17), ([33, 49, 0, 35, 56, 52], (214.0,), 9)]
gen=50 nevals=49 stats={'avg': np.float64(222.54285714285714), 'std': np.float64(27.111771673302837), 'min': np.float64(212.0), 'max': np.float64(300.0)} top3=[([38, 49, 0, 23, 28, 52], (212.0,)), ([38, 49, 0, 23, 28, 52], (212.0,)), ([38, 49, 0, 23, 28, 52], (212.0,))] overall_top3=[([38, 49, 0, 23, 28, 52], (212.0,), 24), ([33, 49, 0, 23, 28, 52], (213.0,), 17), ([33, 49, 0, 35, 56, 52], (214.0,), 9)]
gen=51 nevals=33 stats={'avg': np.float64(219.00714285714287), 'std': np.float64(22.66628913751226), 'min': np.float64(212.0), 'max': np.float64(300.0)} top3=[([38, 49, 0, 23, 28, 52], (212.0,)), ([38, 49, 0, 23, 28, 52], (212.0,)), ([38, 49, 0, 23, 28, 52], (212.0,))] overall_top3=[([38, 49, 0, 23, 28, 52], (212.0,), 24), ([33, 49, 0, 23, 28, 52], (213.0,), 17), ([33, 49, 0, 35, 56, 52], (214.0,), 9)]
gen=52 nevals=44 stats={'avg': np.float64(221.61428571428573), 'std': np.float64(26.614331722987608), 'min': np.float64(212.0), 'max': np.float64(300.0)} top3=[([38, 49, 0, 23, 28, 52], (212.0,)), ([38, 49, 0, 23, 28, 52], (212.0,)), ([38, 49, 0, 23, 28, 52], (212.0,))] overall_top3=[([38, 49, 0, 23, 28, 52], (212.0,), 24), ([33, 49, 0, 23, 28, 52], (213.0,), 17), ([33, 49, 0, 35, 56, 52], (214.0,), 9)]
gen=53 nevals=47 stats={'avg': np.float64(219.04285714285714), 'std': np.float64(22.489639337948937), 'min': np.float64(212.0), 'max': np.float64(300.0)} top3=[([38, 49, 0, 23, 28, 52], (212.0,)), ([38, 49, 0, 23, 28, 52], (212.0,)), ([38, 49, 0, 23, 28, 52], (212.0,))] overall_top3=[([38, 49, 0, 23, 28, 52], (212.0,), 24), ([33, 49, 0, 23, 28, 52], (213.0,), 17), ([33, 49, 0, 35, 56, 52], (214.0,), 9)]
gen=54 nevals=50 stats={'avg': np.float64(219.95714285714286), 'std': np.float64(23.745336813954935), 'min': np.float64(212.0), 'max': np.float64(300.0)} top3=[([38, 49, 0, 23, 28, 52], (212.0,)), ([38, 49, 0, 23, 28, 52], (212.0,)), ([38, 49, 0, 23, 28, 52], (212.0,))] overall_top3=[([38, 49, 0, 23, 28, 52], (212.0,), 24), ([33, 49, 0, 23, 28, 52], (213.0,), 17), ([33, 49, 0, 35, 56, 52], (214.0,), 9)]
gen=55 nevals=38 stats={'avg': np.float64(217.11428571428573), 'std': np.float64(20.417459515356565), 'min': np.float64(212.0), 'max': np.float64(300.0)} top3=[([38, 49, 0, 23, 28, 52], (212.0,)), ([38, 49, 0, 23, 28, 52], (212.0,)), ([38, 49, 0, 23, 28, 52], (212.0,))] overall_top3=[([38, 49, 0, 23, 28, 52], (212.0,), 24), ([33, 49, 0, 23, 28, 52], (213.0,), 17), ([33, 49, 0, 35, 56, 52], (214.0,), 9)]
gen=56 nevals=37 stats={'avg': np.float64(222.05714285714285), 'std': np.float64(27.99790079594525), 'min': np.float64(212.0), 'max': np.float64(300.0)} top3=[([38, 49, 0, 23, 28, 52], (212.0,)), ([38, 49, 0, 23, 28, 52], (212.0,)), ([38, 49, 0, 23, 28, 52], (212.0,))] overall_top3=[([38, 49, 0, 23, 28, 52], (212.0,), 24), ([33, 49, 0, 23, 28, 52], (213.0,), 17), ([33, 49, 0, 35, 56, 52], (214.0,), 9)]
gen=57 nevals=45 stats={'avg': np.float64(218.97142857142856), 'std': np.float64(22.326135503723254), 'min': np.float64(212.0), 'max': np.float64(300.0)} top3=[([38, 49, 0, 23, 28, 52], (212.0,)), ([38, 49, 0, 23, 28, 52], (212.0,)), ([38, 49, 0, 23, 28, 52], (212.0,))] overall_top3=[([38, 49, 0, 23, 28, 52], (212.0,), 24), ([33, 49, 0, 23, 28, 52], (213.0,), 17), ([33, 49, 0, 35, 56, 52], (214.0,), 9)]
gen=58 nevals=39 stats={'avg': np.float64(220.17142857142858), 'std': np.float64(24.94506617611211), 'min': np.float64(212.0), 'max': np.float64(300.0)} top3=[([38, 49, 0, 23, 28, 52], (212.0,)), ([38, 49, 0, 23, 28, 52], (212.0,)), ([38, 49, 0, 23, 28, 52], (212.0,))] overall_top3=[([38, 49, 0, 23, 28, 52], (212.0,), 24), ([33, 49, 0, 23, 28, 52], (213.0,), 17), ([33, 49, 0, 35, 56, 52], (214.0,), 9)]
gen=59 nevals=40 stats={'avg': np.float64(217.44285714285715), 'std': np.float64(20.190263363658175), 'min': np.float64(212.0), 'max': np.float64(300.0)} top3=[([38, 49, 0, 23, 28, 52], (212.0,)), ([38, 49, 0, 23, 28, 52], (212.0,)), ([38, 49, 0, 23, 28, 52], (212.0,))] overall_top3=[([38, 49, 0, 23, 28, 52], (212.0,), 24), ([33, 49, 0, 23, 28, 52], (213.0,), 17), ([33, 49, 0, 35, 56, 52], (214.0,), 9)]
gen=60 nevals=46 stats={'avg': np.float64(217.74285714285713), 'std': np.float64(20.943929031232564), 'min': np.float64(212.0), 'max': np.float64(300.0)} top3=[([38, 49, 0, 23, 28, 52], (212.0,)), ([38, 49, 0, 23, 28, 52], (212.0,)), ([38, 49, 0, 23, 28, 52], (212.0,))] overall_top3=[([38, 49, 0, 23, 28, 52], (212.0,), 24), ([33, 49, 0, 23, 28, 52], (213.0,), 17), ([33, 49, 0, 35, 56, 52], (214.0,), 9)]
gen=61 nevals=39 stats={'avg': np.float64(213.9), 'std': np.float64(11.65963733814834), 'min': np.float64(212.0), 'max': np.float64(300.0)} top3=[([38, 49, 0, 23, 28, 52], (212.0,)), ([38, 49, 0, 23, 28, 52], (212.0,)), ([38, 49, 0, 23, 28, 52], (212.0,))] overall_top3=[([38, 49, 0, 23, 28, 52], (212.0,), 24), ([33, 49, 0, 23, 28, 52], (213.0,), 17), ([33, 49, 0, 35, 56, 52], (214.0,), 9)]
gen=62 nevals=44 stats={'avg': np.float64(219.62857142857143), 'std': np.float64(24.61890761680741), 'min': np.float64(212.0), 'max': np.float64(300.0)} top3=[([38, 49, 0, 23, 28, 52], (212.0,)), ([38, 49, 0, 23, 28, 52], (212.0,)), ([38, 49, 0, 23, 28, 52], (212.0,))] overall_top3=[([38, 49, 0, 23, 28, 52], (212.0,), 24), ([33, 49, 0, 23, 28, 52], (213.0,), 17), ([33, 49, 0, 35, 56, 52], (214.0,), 9)]
gen=63 nevals=42 stats={'avg': np.float64(215.21428571428572), 'std': np.float64(15.659677844837091), 'min': np.float64(212.0), 'max': np.float64(300.0)} top3=[([38, 49, 0, 23, 28, 52], (212.0,)), ([38, 49, 0, 23, 28, 52], (212.0,)), ([38, 49, 0, 23, 28, 52], (212.0,))] overall_top3=[([38, 49, 0, 23, 28, 52], (212.0,), 24), ([33, 49, 0, 23, 28, 52], (213.0,), 17), ([33, 49, 0, 35, 56, 52], (214.0,), 9)]
gen=64 nevals=40 stats={'avg': np.float64(218.0857142857143), 'std': np.float64(21.993338509092034), 'min': np.float64(212.0), 'max': np.float64(300.0)} top3=[([38, 49, 0, 23, 28, 52], (212.0,)), ([38, 49, 0, 23, 28, 52], (212.0,)), ([38, 49, 0, 23, 28, 52], (212.0,))] overall_top3=[([38, 49, 0, 23, 28, 52], (212.0,), 24), ([33, 49, 0, 23, 28, 52], (213.0,), 17), ([33, 49, 0, 35, 56, 52], (214.0,), 9)]
gen=65 nevals=47 stats={'avg': np.float64(222.5), 'std': np.float64(28.080369350440225), 'min': np.float64(212.0), 'max': np.float64(300.0)} top3=[([38, 49, 0, 23, 28, 52], (212.0,)), ([38, 49, 0, 23, 28, 52], (212.0,)), ([38, 49, 0, 23, 28, 52], (212.0,))] overall_top3=[([38, 49, 0, 23, 28, 52], (212.0,), 24), ([33, 49, 0, 23, 28, 52], (213.0,), 17), ([33, 49, 0, 35, 56, 52], (214.0,), 9)]
gen=66 nevals=43 stats={'avg': np.float64(228.55714285714285), 'std': np.float64(34.164992824437675), 'min': np.float64(212.0), 'max': np.float64(300.0)} top3=[([38, 49, 0, 23, 28, 52], (212.0,)), ([38, 49, 0, 23, 28, 52], (212.0,)), ([38, 49, 0, 23, 28, 52], (212.0,))] overall_top3=[([38, 49, 0, 23, 28, 52], (212.0,), 24), ([33, 49, 0, 23, 28, 52], (213.0,), 17), ([33, 49, 0, 35, 56, 52], (214.0,), 9)]
gen=67 nevals=50 stats={'avg': np.float64(218.61428571428573), 'std': np.float64(19.904983480197583), 'min': np.float64(212.0), 'max': np.float64(300.0)} top3=[([38, 49, 0, 23, 28, 52], (212.0,)), ([38, 49, 0, 23, 28, 52], (212.0,)), ([38, 49, 0, 23, 28, 52], (212.0,))] overall_top3=[([38, 49, 0, 23, 28, 52], (212.0,), 24), ([33, 49, 0, 23, 28, 52], (213.0,), 17), ([33, 49, 0, 35, 56, 52], (214.0,), 9)]
gen=68 nevals=32 stats={'avg': np.float64(218.97142857142856), 'std': np.float64(22.997497645595782), 'min': np.float64(212.0), 'max': np.float64(300.0)} top3=[([38, 49, 0, 23, 28, 52], (212.0,)), ([38, 49, 0, 23, 28, 52], (212.0,)), ([38, 49, 0, 23, 28, 52], (212.0,))] overall_top3=[([38, 49, 0, 23, 28, 52], (212.0,), 24), ([33, 49, 0, 23, 28, 52], (213.0,), 17), ([33, 49, 0, 35, 56, 52], (214.0,), 9)]
gen=69 nevals=38 stats={'avg': np.float64(221.21428571428572), 'std': np.float64(26.45691530293996), 'min': np.float64(212.0), 'max': np.float64(300.0)} top3=[([38, 49, 0, 23, 28, 52], (212.0,)), ([38, 49, 0, 23, 28, 52], (212.0,)), ([38, 49, 0, 23, 28, 52], (212.0,))] overall_top3=[([38, 49, 0, 23, 28, 52], (212.0,), 24), ([33, 49, 0, 23, 28, 52], (213.0,), 17), ([33, 49, 0, 35, 56, 52], (214.0,), 9)]
gen=70 nevals=39 stats={'avg': np.float64(217.02857142857144), 'std': np.float64(18.83459691143738), 'min': np.float64(212.0), 'max': np.float64(300.0)} top3=[([38, 49, 0, 23, 28, 52], (212.0,)), ([38, 49, 0, 23, 28, 52], (212.0,)), ([38, 49, 0, 23, 28, 52], (212.0,))] overall_top3=[([38, 49, 0, 23, 28, 52], (212.0,), 24), ([33, 49, 0, 23, 28, 52], (213.0,), 17), ([33, 49, 0, 35, 56, 52], (214.0,), 9)]
gen=71 nevals=42 stats={'avg': np.float64(214.75714285714287), 'std': np.float64(14.757502415755194), 'min': np.float64(212.0), 'max': np.float64(300.0)} top3=[([38, 49, 0, 23, 28, 52], (212.0,)), ([38, 49, 0, 23, 28, 52], (212.0,)), ([38, 49, 0, 23, 28, 52], (212.0,))] overall_top3=[([38, 49, 0, 23, 28, 52], (212.0,), 24), ([33, 49, 0, 23, 28, 52], (213.0,), 17), ([33, 49, 0, 35, 56, 52], (214.0,), 9)]
gen=72 nevals=41 stats={'avg': np.float64(224.92857142857142), 'std': np.float64(29.662059185128076), 'min': np.float64(212.0), 'max': np.float64(300.0)} top3=[([38, 49, 0, 23, 28, 52], (212.0,)), ([38, 49, 0, 23, 28, 52], (212.0,)), ([38, 49, 0, 23, 28, 52], (212.0,))] overall_top3=[([38, 49, 0, 23, 28, 52], (212.0,), 24), ([33, 49, 0, 23, 28, 52], (213.0,), 17), ([33, 49, 0, 35, 56, 52], (214.0,), 9)]
gen=73 nevals=45 stats={'avg': np.float64(220.6), 'std': np.float64(23.727861862616876), 'min': np.float64(212.0), 'max': np.float64(300.0)} top3=[([38, 49, 0, 23, 28, 52], (212.0,)), ([38, 49, 0, 23, 28, 52], (212.0,)), ([38, 49, 0, 23, 28, 52], (212.0,))] overall_top3=[([38, 49, 0, 23, 28, 52], (212.0,), 24), ([33, 49, 0, 23, 28, 52], (213.0,), 17), ([33, 49, 0, 35, 56, 52], (214.0,), 9)]
gen=74 nevals=49 stats={'avg': np.float64(220.64285714285714), 'std': np.float64(25.301629374006563), 'min': np.float64(212.0), 'max': np.float64(300.0)} top3=[([38, 49, 0, 23, 28, 52], (212.0,)), ([38, 49, 0, 23, 28, 52], (212.0,)), ([38, 49, 0, 23, 28, 52], (212.0,))] overall_top3=[([38, 49, 0, 23, 28, 52], (212.0,), 24), ([33, 49, 0, 23, 28, 52], (213.0,), 17), ([33, 49, 0, 35, 56, 52], (214.0,), 9)]
gen=75 nevals=40 stats={'avg': np.float64(215.2), 'std': np.float64(14.498866950804908), 'min': np.float64(212.0), 'max': np.float64(300.0)} top3=[([38, 49, 0, 23, 28, 52], (212.0,)), ([38, 49, 0, 23, 28, 52], (212.0,)), ([38, 49, 0, 23, 28, 52], (212.0,))] overall_top3=[([38, 49, 0, 23, 28, 52], (212.0,), 24), ([33, 49, 0, 23, 28, 52], (213.0,), 17), ([33, 49, 0, 35, 56, 52], (214.0,), 9)]
gen=76 nevals=49 stats={'avg': np.float64(218.47142857142856), 'std': np.float64(21.402751110594192), 'min': np.float64(212.0), 'max': np.float64(300.0)} top3=[([38, 49, 0, 23, 28, 52], (212.0,)), ([38, 49, 0, 23, 28, 52], (212.0,)), ([38, 49, 0, 23, 28, 52], (212.0,))] overall_top3=[([38, 49, 0, 23, 28, 52], (212.0,), 24), ([33, 49, 0, 23, 28, 52], (213.0,), 17), ([33, 49, 0, 35, 56, 52], (214.0,), 9)]
gen=77 nevals=36 stats={'avg': np.float64(214.64285714285714), 'std': np.float64(14.677519948435934), 'min': np.float64(212.0), 'max': np.float64(300.0)} top3=[([38, 49, 0, 23, 28, 52], (212.0,)), ([38, 49, 0, 23, 28, 52], (212.0,)), ([38, 49, 0, 23, 28, 52], (212.0,))] overall_top3=[([38, 49, 0, 23, 28, 52], (212.0,), 24), ([33, 49, 0, 23, 28, 52], (213.0,), 17), ([33, 49, 0, 35, 56, 52], (214.0,), 9)]
gen=78 nevals=44 stats={'avg': np.float64(220.57142857142858), 'std': np.float64(25.621738219483767), 'min': np.float64(212.0), 'max': np.float64(300.0)} top3=[([38, 49, 0, 23, 28, 52], (212.0,)), ([38, 49, 0, 23, 28, 52], (212.0,)), ([38, 49, 0, 23, 28, 52], (212.0,))] overall_top3=[([38, 49, 0, 23, 28, 52], (212.0,), 24), ([33, 49, 0, 23, 28, 52], (213.0,), 17), ([33, 49, 0, 35, 56, 52], (214.0,), 9)]
gen=79 nevals=34 stats={'avg': np.float64(221.21428571428572), 'std': np.float64(25.617456580087197), 'min': np.float64(212.0), 'max': np.float64(300.0)} top3=[([38, 49, 0, 23, 28, 52], (212.0,)), ([38, 49, 0, 23, 28, 52], (212.0,)), ([38, 49, 0, 23, 28, 52], (212.0,))] overall_top3=[([38, 49, 0, 23, 28, 52], (212.0,), 24), ([33, 49, 0, 23, 28, 52], (213.0,), 17), ([33, 49, 0, 35, 56, 52], (214.0,), 9)]
gen=80 nevals=41 stats={'avg': np.float64(223.24285714285713), 'std': np.float64(28.295600725345334), 'min': np.float64(212.0), 'max': np.float64(300.0)} top3=[([38, 49, 0, 23, 28, 52], (212.0,)), ([38, 49, 0, 23, 28, 52], (212.0,)), ([38, 49, 0, 23, 28, 52], (212.0,))] overall_top3=[([38, 49, 0, 23, 28, 52], (212.0,), 24), ([33, 49, 0, 23, 28, 52], (213.0,), 17), ([33, 49, 0, 35, 56, 52], (214.0,), 9)]
gen=81 nevals=36 stats={'avg': np.float64(216.05714285714285), 'std': np.float64(17.853279582102964), 'min': np.float64(212.0), 'max': np.float64(300.0)} top3=[([38, 49, 0, 23, 28, 52], (212.0,)), ([38, 49, 0, 23, 28, 52], (212.0,)), ([38, 49, 0, 23, 28, 52], (212.0,))] overall_top3=[([38, 49, 0, 23, 28, 52], (212.0,), 24), ([33, 49, 0, 23, 28, 52], (213.0,), 17), ([33, 49, 0, 35, 56, 52], (214.0,), 9)]
gen=82 nevals=39 stats={'avg': np.float64(217.55714285714285), 'std': np.float64(20.106598571674148), 'min': np.float64(212.0), 'max': np.float64(300.0)} top3=[([38, 49, 0, 23, 28, 52], (212.0,)), ([38, 49, 0, 23, 28, 52], (212.0,)), ([38, 49, 0, 23, 28, 52], (212.0,))] overall_top3=[([38, 49, 0, 23, 28, 52], (212.0,), 24), ([33, 49, 0, 23, 28, 52], (213.0,), 17), ([33, 49, 0, 35, 56, 52], (214.0,), 9)]
gen=83 nevals=50 stats={'avg': np.float64(221.84285714285716), 'std': np.float64(25.982211340115935), 'min': np.float64(212.0), 'max': np.float64(300.0)} top3=[([38, 49, 0, 23, 28, 52], (212.0,)), ([38, 49, 0, 23, 28, 52], (212.0,)), ([38, 49, 0, 23, 28, 52], (212.0,))] overall_top3=[([38, 49, 0, 23, 28, 52], (212.0,), 24), ([33, 49, 0, 23, 28, 52], (213.0,), 17), ([33, 49, 0, 35, 56, 52], (214.0,), 9)]
gen=84 nevals=44 stats={'avg': np.float64(217.3), 'std': np.float64(20.483686889118097), 'min': np.float64(212.0), 'max': np.float64(300.0)} top3=[([38, 49, 0, 23, 28, 52], (212.0,)), ([38, 49, 0, 23, 28, 52], (212.0,)), ([38, 49, 0, 23, 28, 52], (212.0,))] overall_top3=[([38, 49, 0, 23, 28, 52], (212.0,), 24), ([33, 49, 0, 23, 28, 52], (213.0,), 17), ([33, 49, 0, 35, 56, 52], (214.0,), 9)]
gen=85 nevals=44 stats={'avg': np.float64(221.12857142857143), 'std': np.float64(26.183921690649033), 'min': np.float64(212.0), 'max': np.float64(300.0)} top3=[([38, 49, 0, 23, 28, 52], (212.0,)), ([38, 49, 0, 23, 28, 52], (212.0,)), ([38, 49, 0, 23, 28, 52], (212.0,))] overall_top3=[([38, 49, 0, 23, 28, 52], (212.0,), 24), ([33, 49, 0, 23, 28, 52], (213.0,), 17), ([33, 49, 0, 35, 56, 52], (214.0,), 9)]
gen=86 nevals=46 stats={'avg': np.float64(223.0857142857143), 'std': np.float64(28.59907234117061), 'min': np.float64(212.0), 'max': np.float64(300.0)} top3=[([38, 49, 0, 23, 28, 52], (212.0,)), ([38, 49, 0, 23, 28, 52], (212.0,)), ([38, 49, 0, 23, 28, 52], (212.0,))] overall_top3=[([38, 49, 0, 23, 28, 52], (212.0,), 24), ([33, 49, 0, 23, 28, 52], (213.0,), 17), ([33, 49, 0, 35, 56, 52], (214.0,), 9)]
gen=87 nevals=44 stats={'avg': np.float64(213.57142857142858), 'std': np.float64(10.651051495471403), 'min': np.float64(212.0), 'max': np.float64(300.0)} top3=[([38, 49, 0, 23, 28, 52], (212.0,)), ([38, 49, 0, 23, 28, 52], (212.0,)), ([38, 49, 0, 23, 28, 52], (212.0,))] overall_top3=[([38, 49, 0, 23, 28, 52], (212.0,), 24), ([33, 49, 0, 23, 28, 52], (213.0,), 17), ([33, 49, 0, 35, 56, 52], (214.0,), 9)]
gen=88 nevals=38 stats={'avg': np.float64(217.02857142857144), 'std': np.float64(20.4261537030847), 'min': np.float64(212.0), 'max': np.float64(300.0)} top3=[([38, 49, 0, 23, 28, 52], (212.0,)), ([38, 49, 0, 23, 28, 52], (212.0,)), ([38, 49, 0, 23, 28, 52], (212.0,))] overall_top3=[([38, 49, 0, 23, 28, 52], (212.0,), 24), ([33, 49, 0, 23, 28, 52], (213.0,), 17), ([33, 49, 0, 35, 56, 52], (214.0,), 9)]
gen=89 nevals=47 stats={'avg': np.float64(219.32857142857142), 'std': np.float64(22.078898412331192), 'min': np.float64(212.0), 'max': np.float64(300.0)} top3=[([38, 49, 0, 23, 28, 52], (212.0,)), ([38, 49, 0, 23, 28, 52], (212.0,)), ([38, 49, 0, 23, 28, 52], (212.0,))] overall_top3=[([38, 49, 0, 23, 28, 52], (212.0,), 24), ([33, 49, 0, 23, 28, 52], (213.0,), 17), ([33, 49, 0, 35, 56, 52], (214.0,), 9)]
gen=90 nevals=41 stats={'avg': np.float64(215.9142857142857), 'std': np.float64(17.832348501003015), 'min': np.float64(212.0), 'max': np.float64(300.0)} top3=[([38, 49, 0, 23, 28, 52], (212.0,)), ([38, 49, 0, 23, 28, 52], (212.0,)), ([38, 49, 0, 23, 28, 52], (212.0,))] overall_top3=[([38, 49, 0, 23, 28, 52], (212.0,), 24), ([33, 49, 0, 23, 28, 52], (213.0,), 17), ([33, 49, 0, 35, 56, 52], (214.0,), 9)]
gen=91 nevals=49 stats={'avg': np.float64(220.87142857142857), 'std': np.float64(25.76482731420128), 'min': np.float64(212.0), 'max': np.float64(300.0)} top3=[([38, 49, 0, 23, 28, 52], (212.0,)), ([38, 49, 0, 23, 28, 52], (212.0,)), ([38, 49, 0, 23, 28, 52], (212.0,))] overall_top3=[([38, 49, 0, 23, 28, 52], (212.0,), 24), ([33, 49, 0, 23, 28, 52], (213.0,), 17), ([33, 49, 0, 35, 56, 52], (214.0,), 9)]
gen=92 nevals=44 stats={'avg': np.float64(227.3), 'std': np.float64(33.11596507512868), 'min': np.float64(212.0), 'max': np.float64(300.0)} top3=[([38, 49, 0, 23, 28, 52], (212.0,)), ([38, 49, 0, 23, 28, 52], (212.0,)), ([38, 49, 0, 23, 28, 52], (212.0,))] overall_top3=[([38, 49, 0, 23, 28, 52], (212.0,), 24), ([33, 49, 0, 23, 28, 52], (213.0,), 17), ([33, 49, 0, 35, 56, 52], (214.0,), 9)]
gen=93 nevals=41 stats={'avg': np.float64(222.24285714285713), 'std': np.float64(27.973679319922816), 'min': np.float64(212.0), 'max': np.float64(300.0)} top3=[([38, 49, 0, 23, 28, 52], (212.0,)), ([38, 49, 0, 23, 28, 52], (212.0,)), ([38, 49, 0, 23, 28, 52], (212.0,))] overall_top3=[([38, 49, 0, 23, 28, 52], (212.0,), 24), ([33, 49, 0, 23, 28, 52], (213.0,), 17), ([33, 49, 0, 35, 56, 52], (214.0,), 9)]
gen=94 nevals=31 stats={'avg': np.float64(223.37142857142857), 'std': np.float64(28.569299920704808), 'min': np.float64(212.0), 'max': np.float64(300.0)} top3=[([38, 49, 0, 23, 28, 52], (212.0,)), ([38, 49, 0, 23, 28, 52], (212.0,)), ([38, 49, 0, 23, 28, 52], (212.0,))] overall_top3=[([38, 49, 0, 23, 28, 52], (212.0,), 24), ([33, 49, 0, 23, 28, 52], (213.0,), 17), ([33, 49, 0, 35, 56, 52], (214.0,), 9)]
gen=95 nevals=50 stats={'avg': np.float64(221.0857142857143), 'std': np.float64(26.37517385569937), 'min': np.float64(212.0), 'max': np.float64(300.0)} top3=[([38, 49, 0, 23, 28, 52], (212.0,)), ([38, 49, 0, 23, 28, 52], (212.0,)), ([38, 49, 0, 23, 28, 52], (212.0,))] overall_top3=[([38, 49, 0, 23, 28, 52], (212.0,), 24), ([33, 49, 0, 23, 28, 52], (213.0,), 17), ([33, 49, 0, 35, 56, 52], (214.0,), 9)]
gen=96 nevals=36 stats={'avg': np.float64(218.32857142857142), 'std': np.float64(22.654372916611447), 'min': np.float64(212.0), 'max': np.float64(300.0)} top3=[([38, 49, 0, 23, 28, 52], (212.0,)), ([38, 49, 0, 23, 28, 52], (212.0,)), ([38, 49, 0, 23, 28, 52], (212.0,))] overall_top3=[([38, 49, 0, 23, 28, 52], (212.0,), 24), ([33, 49, 0, 23, 28, 52], (213.0,), 17), ([33, 49, 0, 35, 56, 52], (214.0,), 9)]
gen=97 nevals=57 stats={'avg': np.float64(220.8), 'std': np.float64(25.05855998598939), 'min': np.float64(212.0), 'max': np.float64(300.0)} top3=[([38, 49, 0, 23, 28, 52], (212.0,)), ([38, 49, 0, 23, 28, 52], (212.0,)), ([38, 49, 0, 23, 28, 52], (212.0,))] overall_top3=[([38, 49, 0, 23, 28, 52], (212.0,), 24), ([33, 49, 0, 23, 28, 52], (213.0,), 17), ([33, 49, 0, 35, 56, 52], (214.0,), 9)]
gen=98 nevals=44 stats={'avg': np.float64(218.54285714285714), 'std': np.float64(22.31187109672191), 'min': np.float64(212.0), 'max': np.float64(300.0)} top3=[([38, 49, 0, 23, 28, 52], (212.0,)), ([38, 49, 0, 23, 28, 52], (212.0,)), ([38, 49, 0, 23, 28, 52], (212.0,))] overall_top3=[([38, 49, 0, 23, 28, 52], (212.0,), 24), ([33, 49, 0, 23, 28, 52], (213.0,), 17), ([33, 49, 0, 35, 56, 52], (214.0,), 9)]
gen=99 nevals=41 stats={'avg': np.float64(217.4857142857143), 'std': np.float64(20.17335077850611), 'min': np.float64(212.0), 'max': np.float64(300.0)} top3=[([38, 49, 0, 23, 28, 52], (212.0,)), ([38, 49, 0, 23, 28, 52], (212.0,)), ([38, 49, 0, 23, 28, 52], (212.0,))] overall_top3=[([38, 49, 0, 23, 28, 52], (212.0,), 24), ([33, 49, 0, 23, 28, 52], (213.0,), 17), ([33, 49, 0, 35, 56, 52], (214.0,), 9)]
gen=100 nevals=47 stats={'avg': np.float64(218.02857142857144), 'std': np.float64(21.768897490667364), 'min': np.float64(212.0), 'max': np.float64(300.0)} top3=[([38, 49, 0, 23, 28, 52], (212.0,)), ([38, 49, 0, 23, 28, 52], (212.0,)), ([38, 49, 0, 23, 28, 52], (212.0,))] overall_top3=[([38, 49, 0, 23, 28, 52], (212.0,), 24), ([33, 49, 0, 23, 28, 52], (213.0,), 17), ([33, 49, 0, 35, 56, 52], (214.0,), 9)]
gen=101 nevals=42 stats={'avg': np.float64(217.02857142857144), 'std': np.float64(20.426153703084697), 'min': np.float64(212.0), 'max': np.float64(300.0)} top3=[([38, 49, 0, 23, 28, 52], (212.0,)), ([38, 49, 0, 23, 28, 52], (212.0,)), ([38, 49, 0, 23, 28, 52], (212.0,))] overall_top3=[([38, 49, 0, 23, 28, 52], (212.0,), 24), ([33, 49, 0, 23, 28, 52], (213.0,), 17), ([33, 49, 0, 35, 56, 52], (214.0,), 9)]
gen=102 nevals=42 stats={'avg': np.float64(216.24285714285713), 'std': np.float64(18.15051019691081), 'min': np.float64(212.0), 'max': np.float64(300.0)} top3=[([38, 49, 0, 23, 28, 52], (212.0,)), ([38, 49, 0, 23, 28, 52], (212.0,)), ([38, 49, 0, 23, 28, 52], (212.0,))] overall_top3=[([38, 49, 0, 23, 28, 52], (212.0,), 24), ([33, 49, 0, 23, 28, 52], (213.0,), 17), ([33, 49, 0, 35, 56, 52], (214.0,), 9)]
gen=103 nevals=39 stats={'avg': np.float64(218.0857142857143), 'std': np.float64(21.472070135838496), 'min': np.float64(212.0), 'max': np.float64(300.0)} top3=[([38, 49, 0, 23, 28, 52], (212.0,)), ([38, 49, 0, 23, 28, 52], (212.0,)), ([38, 49, 0, 23, 28, 52], (212.0,))] overall_top3=[([38, 49, 0, 23, 28, 52], (212.0,), 24), ([33, 49, 0, 23, 28, 52], (213.0,), 17), ([33, 49, 0, 35, 56, 52], (214.0,), 9)]
gen=104 nevals=46 stats={'avg': np.float64(218.28571428571428), 'std': np.float64(22.663465160059367), 'min': np.float64(212.0), 'max': np.float64(300.0)} top3=[([38, 49, 0, 23, 28, 52], (212.0,)), ([38, 49, 0, 23, 28, 52], (212.0,)), ([38, 49, 0, 23, 28, 52], (212.0,))] overall_top3=[([38, 49, 0, 23, 28, 52], (212.0,), 24), ([33, 49, 0, 23, 28, 52], (213.0,), 17), ([33, 49, 0, 35, 56, 52], (214.0,), 9)]
gen=105 nevals=47 stats={'avg': np.float64(219.22857142857143), 'std': np.float64(23.311659515953707), 'min': np.float64(212.0), 'max': np.float64(300.0)} top3=[([38, 49, 0, 23, 28, 52], (212.0,)), ([38, 49, 0, 23, 28, 52], (212.0,)), ([38, 49, 0, 23, 28, 52], (212.0,))] overall_top3=[([38, 49, 0, 23, 28, 52], (212.0,), 24), ([33, 49, 0, 23, 28, 52], (213.0,), 17), ([33, 49, 0, 35, 56, 52], (214.0,), 9)]
gen=106 nevals=35 stats={'avg': np.float64(219.4142857142857), 'std': np.float64(23.40848006119813), 'min': np.float64(212.0), 'max': np.float64(300.0)} top3=[([38, 49, 0, 23, 28, 52], (212.0,)), ([38, 49, 0, 23, 28, 52], (212.0,)), ([38, 49, 0, 23, 28, 52], (212.0,))] overall_top3=[([38, 49, 0, 23, 28, 52], (212.0,), 24), ([33, 49, 0, 23, 28, 52], (213.0,), 17), ([33, 49, 0, 35, 56, 52], (214.0,), 9)]
gen=107 nevals=47 stats={'avg': np.float64(219.54285714285714), 'std': np.float64(24.634868270276527), 'min': np.float64(212.0), 'max': np.float64(300.0)} top3=[([38, 49, 0, 23, 28, 52], (212.0,)), ([38, 49, 0, 23, 28, 52], (212.0,)), ([38, 49, 0, 23, 28, 52], (212.0,))] overall_top3=[([38, 49, 0, 23, 28, 52], (212.0,), 24), ([33, 49, 0, 23, 28, 52], (213.0,), 17), ([33, 49, 0, 35, 56, 52], (214.0,), 9)]
gen=108 nevals=45 stats={'avg': np.float64(216.54285714285714), 'std': np.float64(17.405816527229966), 'min': np.float64(212.0), 'max': np.float64(300.0)} top3=[([38, 49, 0, 23, 28, 52], (212.0,)), ([38, 49, 0, 23, 28, 52], (212.0,)), ([38, 49, 0, 23, 28, 52], (212.0,))] overall_top3=[([38, 49, 0, 23, 28, 52], (212.0,), 24), ([33, 49, 0, 23, 28, 52], (213.0,), 17), ([33, 49, 0, 35, 56, 52], (214.0,), 9)]
gen=109 nevals=33 stats={'avg': np.float64(220.68571428571428), 'std': np.float64(24.49054794763707), 'min': np.float64(212.0), 'max': np.float64(300.0)} top3=[([38, 49, 0, 23, 28, 52], (212.0,)), ([38, 49, 0, 23, 28, 52], (212.0,)), ([38, 49, 0, 23, 28, 52], (212.0,))] overall_top3=[([38, 49, 0, 23, 28, 52], (212.0,), 24), ([33, 49, 0, 23, 28, 52], (213.0,), 17), ([33, 49, 0, 35, 56, 52], (214.0,), 9)]
gen=110 nevals=34 stats={'avg': np.float64(216.21428571428572), 'std': np.float64(17.732047546859373), 'min': np.float64(212.0), 'max': np.float64(300.0)} top3=[([38, 49, 0, 23, 28, 52], (212.0,)), ([38, 49, 0, 23, 28, 52], (212.0,)), ([38, 49, 0, 23, 28, 52], (212.0,))] overall_top3=[([38, 49, 0, 23, 28, 52], (212.0,), 24), ([33, 49, 0, 23, 28, 52], (213.0,), 17), ([33, 49, 0, 35, 56, 52], (214.0,), 9)]
gen=111 nevals=50 stats={'avg': np.float64(221.18571428571428), 'std': np.float64(25.32322077074876), 'min': np.float64(212.0), 'max': np.float64(300.0)} top3=[([41, 49, 0, 23, 28, 52], (212.0,)), ([38, 49, 0, 23, 28, 52], (212.0,)), ([41, 49, 0, 23, 28, 52], (212.0,))] overall_top3=[([38, 49, 0, 23, 28, 52], (212.0,), 24), ([41, 49, 0, 23, 28, 52], (212.0,), 111), ([33, 49, 0, 23, 28, 52], (213.0,), 17)]
gen=112 nevals=51 stats={'avg': np.float64(219.71428571428572), 'std': np.float64(23.623319506153152), 'min': np.float64(212.0), 'max': np.float64(300.0)} top3=[([38, 49, 0, 23, 28, 52], (212.0,)), ([38, 49, 0, 23, 28, 52], (212.0,)), ([41, 49, 0, 23, 28, 52], (212.0,))] overall_top3=[([38, 49, 0, 23, 28, 52], (212.0,), 24), ([41, 49, 0, 23, 28, 52], (212.0,), 111), ([33, 49, 0, 23, 28, 52], (213.0,), 17)]
gen=113 nevals=32 stats={'avg': np.float64(219.54285714285714), 'std': np.float64(24.634868270276524), 'min': np.float64(212.0), 'max': np.float64(300.0)} top3=[([38, 49, 0, 23, 28, 52], (212.0,)), ([38, 49, 0, 23, 28, 52], (212.0,)), ([38, 49, 0, 23, 28, 52], (212.0,))] overall_top3=[([38, 49, 0, 23, 28, 52], (212.0,), 24), ([41, 49, 0, 23, 28, 52], (212.0,), 111), ([33, 49, 0, 23, 28, 52], (213.0,), 17)]
gen=114 nevals=52 stats={'avg': np.float64(220.5142857142857), 'std': np.float64(23.55403687398881), 'min': np.float64(212.0), 'max': np.float64(300.0)} top3=[([41, 49, 0, 23, 28, 52], (212.0,)), ([38, 49, 0, 23, 28, 52], (212.0,)), ([41, 49, 0, 23, 28, 52], (212.0,))] overall_top3=[([38, 49, 0, 23, 28, 52], (212.0,), 24), ([41, 49, 0, 23, 28, 52], (212.0,), 111), ([33, 49, 0, 23, 28, 52], (213.0,), 17)]
gen=115 nevals=36 stats={'avg': np.float64(218.37142857142857), 'std': np.float64(21.75589997387995), 'min': np.float64(212.0), 'max': np.float64(300.0)} top3=[([38, 49, 0, 23, 28, 52], (212.0,)), ([41, 49, 0, 23, 28, 52], (212.0,)), ([38, 49, 0, 23, 28, 52], (212.0,))] overall_top3=[([38, 49, 0, 23, 28, 52], (212.0,), 24), ([41, 49, 0, 23, 28, 52], (212.0,), 111), ([33, 49, 0, 23, 28, 52], (213.0,), 17)]
gen=116 nevals=41 stats={'avg': np.float64(219.87142857142857), 'std': np.float64(23.78890583478623), 'min': np.float64(212.0), 'max': np.float64(300.0)} top3=[([38, 49, 0, 23, 28, 52], (212.0,)), ([41, 49, 0, 23, 28, 52], (212.0,)), ([38, 49, 0, 23, 28, 52], (212.0,))] overall_top3=[([38, 49, 0, 23, 28, 52], (212.0,), 24), ([41, 49, 0, 23, 28, 52], (212.0,), 111), ([33, 49, 0, 23, 28, 52], (213.0,), 17)]
gen=117 nevals=46 stats={'avg': np.float64(220.64285714285714), 'std': np.float64(24.75885741322009), 'min': np.float64(212.0), 'max': np.float64(300.0)} top3=[([38, 49, 0, 23, 28, 52], (212.0,)), ([38, 49, 0, 23, 28, 52], (212.0,)), ([38, 49, 0, 23, 28, 52], (212.0,))] overall_top3=[([38, 49, 0, 23, 28, 52], (212.0,), 24), ([41, 49, 0, 23, 28, 52], (212.0,), 111), ([33, 49, 0, 23, 28, 52], (213.0,), 17)]
gen=118 nevals=48 stats={'avg': np.float64(216.4), 'std': np.float64(16.51094874837387), 'min': np.float64(212.0), 'max': np.float64(300.0)} top3=[([38, 49, 0, 23, 28, 52], (212.0,)), ([38, 49, 0, 23, 28, 52], (212.0,)), ([38, 49, 0, 23, 28, 52], (212.0,))] overall_top3=[([38, 49, 0, 23, 28, 52], (212.0,), 24), ([41, 49, 0, 23, 28, 52], (212.0,), 111), ([33, 49, 0, 23, 28, 52], (213.0,), 17)]
gen=119 nevals=53 stats={'avg': np.float64(219.78571428571428), 'std': np.float64(23.926609727690717), 'min': np.float64(212.0), 'max': np.float64(300.0)} top3=[([38, 49, 0, 23, 28, 52], (212.0,)), ([38, 49, 0, 23, 28, 52], (212.0,)), ([38, 49, 0, 23, 28, 52], (212.0,))] overall_top3=[([38, 49, 0, 23, 28, 52], (212.0,), 24), ([41, 49, 0, 23, 28, 52], (212.0,), 111), ([33, 49, 0, 23, 28, 52], (213.0,), 17)]
gen=120 nevals=41 stats={'avg': np.float64(220.65714285714284), 'std': np.float64(25.994991668333626), 'min': np.float64(212.0), 'max': np.float64(300.0)} top3=[([38, 49, 0, 23, 28, 52], (212.0,)), ([38, 49, 0, 23, 28, 52], (212.0,)), ([41, 49, 0, 23, 28, 52], (212.0,))] overall_top3=[([38, 49, 0, 23, 28, 52], (212.0,), 24), ([41, 49, 0, 23, 28, 52], (212.0,), 111), ([33, 49, 0, 23, 28, 52], (213.0,), 17)]
gen=121 nevals=46 stats={'avg': np.float64(221.0857142857143), 'std': np.float64(26.41143846201212), 'min': np.float64(212.0), 'max': np.float64(300.0)} top3=[([38, 49, 0, 23, 28, 52], (212.0,)), ([38, 49, 0, 23, 28, 52], (212.0,)), ([38, 49, 0, 23, 28, 52], (212.0,))] overall_top3=[([38, 49, 0, 23, 28, 52], (212.0,), 24), ([41, 49, 0, 23, 28, 52], (212.0,), 111), ([33, 49, 0, 23, 28, 52], (213.0,), 17)]
gen=122 nevals=40 stats={'avg': np.float64(218.61428571428573), 'std': np.float64(22.698831220472787), 'min': np.float64(212.0), 'max': np.float64(300.0)} top3=[([38, 49, 0, 23, 28, 52], (212.0,)), ([38, 49, 0, 23, 28, 52], (212.0,)), ([38, 49, 0, 23, 28, 52], (212.0,))] overall_top3=[([38, 49, 0, 23, 28, 52], (212.0,), 24), ([41, 49, 0, 23, 28, 52], (212.0,), 111), ([33, 49, 0, 23, 28, 52], (213.0,), 17)]
gen=123 nevals=46 stats={'avg': np.float64(220.52857142857144), 'std': np.float64(25.671953250063957), 'min': np.float64(212.0), 'max': np.float64(300.0)} top3=[([38, 49, 0, 23, 28, 52], (212.0,)), ([38, 49, 0, 23, 28, 52], (212.0,)), ([38, 49, 0, 23, 28, 52], (212.0,))] overall_top3=[([38, 49, 0, 23, 28, 52], (212.0,), 24), ([41, 49, 0, 23, 28, 52], (212.0,), 111), ([33, 49, 0, 23, 28, 52], (213.0,), 17)]
gen=124 nevals=49 stats={'avg': np.float64(216.42857142857142), 'std': np.float64(18.506810660303586), 'min': np.float64(212.0), 'max': np.float64(300.0)} top3=[([38, 49, 0, 23, 28, 52], (212.0,)), ([38, 49, 0, 23, 28, 52], (212.0,)), ([38, 49, 0, 23, 28, 52], (212.0,))] overall_top3=[([38, 49, 0, 23, 28, 52], (212.0,), 24), ([41, 49, 0, 23, 28, 52], (212.0,), 111), ([33, 49, 0, 23, 28, 52], (213.0,), 17)]
gen=125 nevals=40 stats={'avg': np.float64(215.25714285714287), 'std': np.float64(15.672255480202422), 'min': np.float64(212.0), 'max': np.float64(300.0)} top3=[([38, 49, 0, 23, 28, 52], (212.0,)), ([38, 49, 0, 23, 28, 52], (212.0,)), ([38, 49, 0, 23, 28, 52], (212.0,))] overall_top3=[([38, 49, 0, 23, 28, 52], (212.0,), 24), ([41, 49, 0, 23, 28, 52], (212.0,), 111), ([33, 49, 0, 23, 28, 52], (213.0,), 17)]
gen=126 nevals=44 stats={'avg': np.float64(215.81428571428572), 'std': np.float64(17.81756184790954), 'min': np.float64(212.0), 'max': np.float64(300.0)} top3=[([38, 49, 0, 23, 28, 52], (212.0,)), ([38, 49, 0, 23, 28, 52], (212.0,)), ([38, 49, 0, 23, 28, 52], (212.0,))] overall_top3=[([38, 49, 0, 23, 28, 52], (212.0,), 24), ([41, 49, 0, 23, 28, 52], (212.0,), 111), ([33, 49, 0, 23, 28, 52], (213.0,), 17)]
gen=127 nevals=40 stats={'avg': np.float64(218.24285714285713), 'std': np.float64(21.071602904847833), 'min': np.float64(212.0), 'max': np.float64(300.0)} top3=[([41, 49, 0, 23, 28, 52], (212.0,)), ([38, 49, 0, 23, 28, 52], (212.0,)), ([38, 49, 0, 23, 28, 52], (212.0,))] overall_top3=[([38, 49, 0, 23, 28, 52], (212.0,), 24), ([41, 49, 0, 23, 28, 52], (212.0,), 111), ([33, 49, 0, 23, 28, 52], (213.0,), 17)]
gen=128 nevals=47 stats={'avg': np.float64(219.7), 'std': np.float64(22.424062331089154), 'min': np.float64(212.0), 'max': np.float64(300.0)} top3=[([38, 49, 0, 23, 28, 52], (212.0,)), ([38, 49, 0, 23, 28, 52], (212.0,)), ([38, 49, 0, 23, 28, 52], (212.0,))] overall_top3=[([38, 49, 0, 23, 28, 52], (212.0,), 24), ([41, 49, 0, 23, 28, 52], (212.0,), 111), ([33, 49, 0, 23, 28, 52], (213.0,), 17)]
gen=129 nevals=38 stats={'avg': np.float64(215.82857142857142), 'std': np.float64(17.817304131955886), 'min': np.float64(212.0), 'max': np.float64(300.0)} top3=[([38, 49, 0, 23, 28, 52], (212.0,)), ([38, 49, 0, 23, 28, 52], (212.0,)), ([38, 49, 0, 23, 28, 52], (212.0,))] overall_top3=[([38, 49, 0, 23, 28, 52], (212.0,), 24), ([41, 49, 0, 23, 28, 52], (212.0,), 111), ([33, 49, 0, 23, 28, 52], (213.0,), 17)]
gen=130 nevals=52 stats={'avg': np.float64(220.5142857142857), 'std': np.float64(24.963826891348692), 'min': np.float64(212.0), 'max': np.float64(300.0)} top3=[([38, 49, 0, 23, 28, 52], (212.0,)), ([38, 49, 0, 23, 28, 52], (212.0,)), ([38, 49, 0, 23, 28, 52], (212.0,))] overall_top3=[([38, 49, 0, 23, 28, 52], (212.0,), 24), ([41, 49, 0, 23, 28, 52], (212.0,), 111), ([33, 49, 0, 23, 28, 52], (213.0,), 17)]
gen=131 nevals=44 stats={'avg': np.float64(217.5857142857143), 'std': np.float64(20.80967690910228), 'min': np.float64(212.0), 'max': np.float64(300.0)} top3=[([38, 49, 0, 23, 28, 52], (212.0,)), ([38, 49, 0, 23, 28, 52], (212.0,)), ([38, 49, 0, 23, 28, 52], (212.0,))] overall_top3=[([38, 49, 0, 23, 28, 52], (212.0,), 24), ([41, 49, 0, 23, 28, 52], (212.0,), 111), ([33, 49, 0, 23, 28, 52], (213.0,), 17)]
gen=132 nevals=49 stats={'avg': np.float64(217.65714285714284), 'std': np.float64(20.6057451865706), 'min': np.float64(212.0), 'max': np.float64(300.0)} top3=[([38, 49, 0, 23, 28, 52], (212.0,)), ([38, 49, 0, 23, 28, 52], (212.0,)), ([38, 49, 0, 23, 28, 52], (212.0,))] overall_top3=[([38, 49, 0, 23, 28, 52], (212.0,), 24), ([41, 49, 0, 23, 28, 52], (212.0,), 111), ([33, 49, 0, 23, 28, 52], (213.0,), 17)]
gen=133 nevals=40 stats={'avg': np.float64(219.94285714285715), 'std': np.float64(24.736257780424094), 'min': np.float64(212.0), 'max': np.float64(300.0)} top3=[([38, 49, 0, 23, 28, 52], (212.0,)), ([38, 49, 0, 23, 28, 52], (212.0,)), ([38, 49, 0, 23, 28, 52], (212.0,))] overall_top3=[([38, 49, 0, 23, 28, 52], (212.0,), 24), ([41, 49, 0, 23, 28, 52], (212.0,), 111), ([33, 49, 0, 23, 28, 52], (213.0,), 17)]
gen=134 nevals=47 stats={'avg': np.float64(220.24285714285713), 'std': np.float64(24.810387061117144), 'min': np.float64(212.0), 'max': np.float64(300.0)} top3=[([38, 49, 0, 23, 28, 52], (212.0,)), ([38, 49, 0, 23, 28, 52], (212.0,)), ([38, 49, 0, 23, 28, 52], (212.0,))] overall_top3=[([38, 49, 0, 23, 28, 52], (212.0,), 24), ([41, 49, 0, 23, 28, 52], (212.0,), 111), ([33, 49, 0, 23, 28, 52], (213.0,), 17)]
gen=135 nevals=41 stats={'avg': np.float64(218.14285714285714), 'std': np.float64(22.17417140618834), 'min': np.float64(212.0), 'max': np.float64(300.0)} top3=[([38, 49, 0, 23, 28, 52], (212.0,)), ([38, 49, 0, 23, 28, 52], (212.0,)), ([38, 49, 0, 23, 28, 52], (212.0,))] overall_top3=[([38, 49, 0, 23, 28, 52], (212.0,), 24), ([41, 49, 0, 23, 28, 52], (212.0,), 111), ([33, 49, 0, 23, 28, 52], (213.0,), 17)]
gen=136 nevals=48 stats={'avg': np.float64(220.4857142857143), 'std': np.float64(25.505597624915236), 'min': np.float64(212.0), 'max': np.float64(300.0)} top3=[([38, 49, 0, 23, 28, 52], (212.0,)), ([38, 49, 0, 23, 28, 52], (212.0,)), ([38, 49, 0, 23, 28, 52], (212.0,))] overall_top3=[([38, 49, 0, 23, 28, 52], (212.0,), 24), ([41, 49, 0, 23, 28, 52], (212.0,), 111), ([33, 49, 0, 23, 28, 52], (213.0,), 17)]
gen=137 nevals=45 stats={'avg': np.float64(224.1), 'std': np.float64(27.960763324957455), 'min': np.float64(212.0), 'max': np.float64(300.0)} top3=[([38, 49, 0, 23, 28, 52], (212.0,)), ([38, 49, 0, 23, 28, 52], (212.0,)), ([38, 49, 0, 23, 28, 52], (212.0,))] overall_top3=[([38, 49, 0, 23, 28, 52], (212.0,), 24), ([41, 49, 0, 23, 28, 52], (212.0,), 111), ([33, 49, 0, 23, 28, 52], (213.0,), 17)]
gen=138 nevals=53 stats={'avg': np.float64(224.07142857142858), 'std': np.float64(29.67457855210244), 'min': np.float64(212.0), 'max': np.float64(300.0)} top3=[([38, 49, 0, 23, 28, 52], (212.0,)), ([38, 49, 0, 23, 28, 52], (212.0,)), ([38, 49, 0, 23, 28, 52], (212.0,))] overall_top3=[([38, 49, 0, 23, 28, 52], (212.0,), 24), ([41, 49, 0, 23, 28, 52], (212.0,), 111), ([33, 49, 0, 23, 28, 52], (213.0,), 17)]
gen=139 nevals=45 stats={'avg': np.float64(220.95714285714286), 'std': np.float64(26.363630637834454), 'min': np.float64(212.0), 'max': np.float64(300.0)} top3=[([38, 49, 0, 23, 28, 52], (212.0,)), ([38, 49, 0, 23, 28, 52], (212.0,)), ([38, 49, 0, 23, 28, 52], (212.0,))] overall_top3=[([38, 49, 0, 23, 28, 52], (212.0,), 24), ([41, 49, 0, 23, 28, 52], (212.0,), 111), ([33, 49, 0, 23, 28, 52], (213.0,), 17)]
gen=140 nevals=49 stats={'avg': np.float64(225.82857142857142), 'std': np.float64(31.676476819139296), 'min': np.float64(212.0), 'max': np.float64(300.0)} top3=[([38, 49, 0, 23, 28, 52], (212.0,)), ([38, 49, 0, 23, 28, 52], (212.0,)), ([38, 49, 0, 23, 28, 52], (212.0,))] overall_top3=[([38, 49, 0, 23, 28, 52], (212.0,), 24), ([41, 49, 0, 23, 28, 52], (212.0,), 111), ([33, 49, 0, 23, 28, 52], (213.0,), 17)]
gen=141 nevals=49 stats={'avg': np.float64(220.67142857142858), 'std': np.float64(24.6441655967327), 'min': np.float64(212.0), 'max': np.float64(300.0)} top3=[([38, 49, 0, 23, 28, 52], (212.0,)), ([38, 49, 0, 23, 28, 52], (212.0,)), ([38, 49, 0, 23, 28, 52], (212.0,))] overall_top3=[([38, 49, 0, 23, 28, 52], (212.0,), 24), ([41, 49, 0, 23, 28, 52], (212.0,), 111), ([33, 49, 0, 23, 28, 52], (213.0,), 17)]
gen=142 nevals=39 stats={'avg': np.float64(219.42857142857142), 'std': np.float64(24.095981543207827), 'min': np.float64(212.0), 'max': np.float64(300.0)} top3=[([38, 49, 0, 23, 28, 52], (212.0,)), ([38, 49, 0, 23, 28, 52], (212.0,)), ([38, 49, 0, 23, 28, 52], (212.0,))] overall_top3=[([38, 49, 0, 23, 28, 52], (212.0,), 24), ([41, 49, 0, 23, 28, 52], (212.0,), 111), ([33, 49, 0, 23, 28, 52], (213.0,), 17)]
gen=143 nevals=51 stats={'avg': np.float64(220.52857142857144), 'std': np.float64(25.671953250063957), 'min': np.float64(212.0), 'max': np.float64(300.0)} top3=[([38, 49, 0, 23, 28, 52], (212.0,)), ([38, 49, 0, 23, 28, 52], (212.0,)), ([38, 49, 0, 23, 28, 52], (212.0,))] overall_top3=[([38, 49, 0, 23, 28, 52], (212.0,), 24), ([41, 49, 0, 23, 28, 52], (212.0,), 111), ([33, 49, 0, 23, 28, 52], (213.0,), 17)]
gen=144 nevals=43 stats={'avg': np.float64(220.42857142857142), 'std': np.float64(25.26124724246406), 'min': np.float64(212.0), 'max': np.float64(300.0)} top3=[([38, 49, 0, 23, 28, 52], (212.0,)), ([38, 49, 0, 23, 28, 52], (212.0,)), ([38, 49, 0, 23, 28, 52], (212.0,))] overall_top3=[([38, 49, 0, 23, 28, 52], (212.0,), 24), ([41, 49, 0, 23, 28, 52], (212.0,), 111), ([33, 49, 0, 23, 28, 52], (213.0,), 17)]
gen=145 nevals=43 stats={'avg': np.float64(216.54285714285714), 'std': np.float64(18.32460150748614), 'min': np.float64(212.0), 'max': np.float64(300.0)} top3=[([38, 49, 0, 23, 28, 52], (212.0,)), ([38, 49, 0, 23, 28, 52], (212.0,)), ([38, 49, 0, 23, 28, 52], (212.0,))] overall_top3=[([38, 49, 0, 23, 28, 52], (212.0,), 24), ([41, 49, 0, 23, 28, 52], (212.0,), 111), ([33, 49, 0, 23, 28, 52], (213.0,), 17)]
gen=146 nevals=48 stats={'avg': np.float64(221.65714285714284), 'std': np.float64(26.27540170375855), 'min': np.float64(212.0), 'max': np.float64(300.0)} top3=[([38, 49, 0, 23, 28, 52], (212.0,)), ([38, 49, 0, 23, 28, 52], (212.0,)), ([38, 49, 0, 23, 28, 52], (212.0,))] overall_top3=[([38, 49, 0, 23, 28, 52], (212.0,), 24), ([41, 49, 0, 23, 28, 52], (212.0,), 111), ([33, 49, 0, 23, 28, 52], (213.0,), 17)]
gen=147 nevals=41 stats={'avg': np.float64(217.55714285714285), 'std': np.float64(20.407026600998922), 'min': np.float64(212.0), 'max': np.float64(300.0)} top3=[([38, 49, 0, 23, 28, 52], (212.0,)), ([38, 49, 0, 23, 28, 52], (212.0,)), ([38, 49, 0, 23, 28, 52], (212.0,))] overall_top3=[([38, 49, 0, 23, 28, 52], (212.0,), 24), ([41, 49, 0, 23, 28, 52], (212.0,), 111), ([33, 49, 0, 23, 28, 52], (213.0,), 17)]
gen=148 nevals=44 stats={'avg': np.float64(220.18571428571428), 'std': np.float64(25.01387778079706), 'min': np.float64(212.0), 'max': np.float64(300.0)} top3=[([38, 49, 0, 23, 28, 52], (212.0,)), ([38, 49, 0, 23, 28, 52], (212.0,)), ([38, 49, 0, 23, 28, 52], (212.0,))] overall_top3=[([38, 49, 0, 23, 28, 52], (212.0,), 24), ([41, 49, 0, 23, 28, 52], (212.0,), 111), ([33, 49, 0, 23, 28, 52], (213.0,), 17)]
gen=149 nevals=41 stats={'avg': np.float64(215.88571428571427), 'std': np.float64(16.49982065456025), 'min': np.float64(212.0), 'max': np.float64(300.0)} top3=[([38, 49, 0, 23, 28, 52], (212.0,)), ([38, 49, 0, 23, 28, 52], (212.0,)), ([38, 49, 0, 23, 28, 52], (212.0,))] overall_top3=[([38, 49, 0, 23, 28, 52], (212.0,), 24), ([41, 49, 0, 23, 28, 52], (212.0,), 111), ([33, 49, 0, 23, 28, 52], (213.0,), 17)]
gen=150 nevals=37 stats={'avg': np.float64(220.32857142857142), 'std': np.float64(24.663866820322642), 'min': np.float64(212.0), 'max': np.float64(300.0)} top3=[([38, 49, 0, 23, 28, 52], (212.0,)), ([38, 49, 0, 23, 28, 52], (212.0,)), ([38, 49, 0, 23, 28, 52], (212.0,))] overall_top3=[([38, 49, 0, 23, 28, 52], (212.0,), 24), ([41, 49, 0, 23, 28, 52], (212.0,), 111), ([33, 49, 0, 23, 28, 52], (213.0,), 17)]
gen=151 nevals=43 stats={'avg': np.float64(222.05714285714285), 'std': np.float64(27.997900795945256), 'min': np.float64(212.0), 'max': np.float64(300.0)} top3=[([38, 49, 0, 23, 28, 52], (212.0,)), ([38, 49, 0, 23, 28, 52], (212.0,)), ([38, 49, 0, 23, 28, 52], (212.0,))] overall_top3=[([38, 49, 0, 23, 28, 52], (212.0,), 24), ([41, 49, 0, 23, 28, 52], (212.0,), 111), ([33, 49, 0, 23, 28, 52], (213.0,), 17)]
gen=152 nevals=47 stats={'avg': np.float64(215.0), 'std': np.float64(14.166358540066472), 'min': np.float64(212.0), 'max': np.float64(300.0)} top3=[([38, 49, 0, 23, 28, 52], (212.0,)), ([38, 49, 0, 23, 28, 52], (212.0,)), ([38, 49, 0, 23, 28, 52], (212.0,))] overall_top3=[([38, 49, 0, 23, 28, 52], (212.0,), 24), ([41, 49, 0, 23, 28, 52], (212.0,), 111), ([33, 49, 0, 23, 28, 52], (213.0,), 17)]
gen=153 nevals=42 stats={'avg': np.float64(219.54285714285714), 'std': np.float64(24.634868270276527), 'min': np.float64(212.0), 'max': np.float64(300.0)} top3=[([38, 49, 0, 23, 28, 52], (212.0,)), ([38, 49, 0, 23, 28, 52], (212.0,)), ([38, 49, 0, 23, 28, 52], (212.0,))] overall_top3=[([38, 49, 0, 23, 28, 52], (212.0,), 24), ([41, 49, 0, 23, 28, 52], (212.0,), 111), ([33, 49, 0, 23, 28, 52], (213.0,), 17)]
gen=154 nevals=44 stats={'avg': np.float64(221.9), 'std': np.float64(27.472661735935652), 'min': np.float64(212.0), 'max': np.float64(300.0)} top3=[([38, 49, 0, 23, 28, 52], (212.0,)), ([38, 49, 0, 23, 28, 52], (212.0,)), ([38, 49, 0, 23, 28, 52], (212.0,))] overall_top3=[([38, 49, 0, 23, 28, 52], (212.0,), 24), ([41, 49, 0, 23, 28, 52], (212.0,), 111), ([33, 49, 0, 23, 28, 52], (213.0,), 17)]
gen=155 nevals=44 stats={'avg': np.float64(219.54285714285714), 'std': np.float64(24.634868270276527), 'min': np.float64(212.0), 'max': np.float64(300.0)} top3=[([38, 49, 0, 23, 28, 52], (212.0,)), ([38, 49, 0, 23, 28, 52], (212.0,)), ([38, 49, 0, 23, 28, 52], (212.0,))] overall_top3=[([38, 49, 0, 23, 28, 52], (212.0,), 24), ([41, 49, 0, 23, 28, 52], (212.0,), 111), ([33, 49, 0, 23, 28, 52], (213.0,), 17)]
gen=156 nevals=37 stats={'avg': np.float64(218.74285714285713), 'std': np.float64(21.148242557368828), 'min': np.float64(212.0), 'max': np.float64(300.0)} top3=[([38, 49, 0, 23, 28, 52], (212.0,)), ([38, 49, 0, 23, 28, 52], (212.0,)), ([38, 49, 0, 23, 28, 52], (212.0,))] overall_top3=[([38, 49, 0, 23, 28, 52], (212.0,), 24), ([41, 49, 0, 23, 28, 52], (212.0,), 111), ([33, 49, 0, 23, 28, 52], (213.0,), 17)]
gen=157 nevals=48 stats={'avg': np.float64(221.95714285714286), 'std': np.float64(27.730558551010475), 'min': np.float64(212.0), 'max': np.float64(300.0)} top3=[([38, 49, 0, 23, 28, 52], (212.0,)), ([38, 49, 0, 23, 28, 52], (212.0,)), ([38, 49, 0, 23, 28, 52], (212.0,))] overall_top3=[([38, 49, 0, 23, 28, 52], (212.0,), 24), ([41, 49, 0, 23, 28, 52], (212.0,), 111), ([33, 49, 0, 23, 28, 52], (213.0,), 17)]
gen=158 nevals=49 stats={'avg': np.float64(223.44285714285715), 'std': np.float64(27.74714179066054), 'min': np.float64(212.0), 'max': np.float64(300.0)} top3=[([38, 49, 0, 23, 28, 52], (212.0,)), ([38, 49, 0, 23, 28, 52], (212.0,)), ([38, 49, 0, 23, 28, 52], (212.0,))] overall_top3=[([38, 49, 0, 23, 28, 52], (212.0,), 24), ([41, 49, 0, 23, 28, 52], (212.0,), 111), ([33, 49, 0, 23, 28, 52], (213.0,), 17)]
gen=159 nevals=42 stats={'avg': np.float64(216.9857142857143), 'std': np.float64(17.92563436386391), 'min': np.float64(212.0), 'max': np.float64(300.0)} top3=[([38, 49, 0, 23, 28, 52], (212.0,)), ([38, 49, 0, 23, 28, 52], (212.0,)), ([38, 49, 0, 23, 28, 52], (212.0,))] overall_top3=[([38, 49, 0, 23, 28, 52], (212.0,), 24), ([41, 49, 0, 23, 28, 52], (212.0,), 111), ([33, 49, 0, 23, 28, 52], (213.0,), 17)]
gen=160 nevals=42 stats={'avg': np.float64(220.94285714285715), 'std': np.float64(25.36920839706824), 'min': np.float64(212.0), 'max': np.float64(300.0)} top3=[([38, 49, 0, 23, 28, 52], (212.0,)), ([38, 49, 0, 23, 28, 52], (212.0,)), ([38, 49, 0, 23, 28, 52], (212.0,))] overall_top3=[([38, 49, 0, 23, 28, 52], (212.0,), 24), ([41, 49, 0, 23, 28, 52], (212.0,), 111), ([33, 49, 0, 23, 28, 52], (213.0,), 17)]
gen=161 nevals=52 stats={'avg': np.float64(219.68571428571428), 'std': np.float64(23.342507428749474), 'min': np.float64(212.0), 'max': np.float64(300.0)} top3=[([38, 49, 0, 23, 28, 52], (212.0,)), ([38, 49, 0, 23, 28, 52], (212.0,)), ([38, 49, 0, 23, 28, 52], (212.0,))] overall_top3=[([38, 49, 0, 23, 28, 52], (212.0,), 24), ([41, 49, 0, 23, 28, 52], (212.0,), 111), ([33, 49, 0, 23, 28, 52], (213.0,), 17)]
gen=162 nevals=43 stats={'avg': np.float64(218.18571428571428), 'std': np.float64(22.31546091655665), 'min': np.float64(212.0), 'max': np.float64(300.0)} top3=[([38, 49, 0, 23, 28, 52], (212.0,)), ([38, 49, 0, 23, 28, 52], (212.0,)), ([38, 49, 0, 23, 28, 52], (212.0,))] overall_top3=[([38, 49, 0, 23, 28, 52], (212.0,), 24), ([41, 49, 0, 23, 28, 52], (212.0,), 111), ([33, 49, 0, 23, 28, 52], (213.0,), 17)]
gen=163 nevals=44 stats={'avg': np.float64(224.28571428571428), 'std': np.float64(29.19106656747812), 'min': np.float64(212.0), 'max': np.float64(300.0)} top3=[([38, 49, 0, 23, 28, 52], (212.0,)), ([38, 49, 0, 23, 28, 52], (212.0,)), ([38, 49, 0, 23, 28, 52], (212.0,))] overall_top3=[([38, 49, 0, 23, 28, 52], (212.0,), 24), ([41, 49, 0, 23, 28, 52], (212.0,), 111), ([33, 49, 0, 23, 28, 52], (213.0,), 17)]
gen=164 nevals=41 stats={'avg': np.float64(220.54285714285714), 'std': np.float64(25.016386466409074), 'min': np.float64(212.0), 'max': np.float64(300.0)} top3=[([38, 49, 0, 23, 28, 52], (212.0,)), ([38, 49, 0, 23, 28, 52], (212.0,)), ([38, 49, 0, 23, 28, 52], (212.0,))] overall_top3=[([38, 49, 0, 23, 28, 52], (212.0,), 24), ([41, 49, 0, 23, 28, 52], (212.0,), 111), ([33, 49, 0, 23, 28, 52], (213.0,), 17)]
gen=165 nevals=40 stats={'avg': np.float64(216.22857142857143), 'std': np.float64(17.92219009940425), 'min': np.float64(212.0), 'max': np.float64(300.0)} top3=[([38, 49, 0, 23, 28, 52], (212.0,)), ([38, 49, 0, 23, 28, 52], (212.0,)), ([38, 49, 0, 23, 28, 52], (212.0,))] overall_top3=[([38, 49, 0, 23, 28, 52], (212.0,), 24), ([41, 49, 0, 23, 28, 52], (212.0,), 111), ([33, 49, 0, 23, 28, 52], (213.0,), 17)]
gen=166 nevals=41 stats={'avg': np.float64(222.17142857142858), 'std': np.float64(26.94861323151974), 'min': np.float64(212.0), 'max': np.float64(300.0)} top3=[([38, 49, 0, 23, 28, 52], (212.0,)), ([38, 49, 0, 23, 28, 52], (212.0,)), ([38, 49, 0, 23, 28, 52], (212.0,))] overall_top3=[([38, 49, 0, 23, 28, 52], (212.0,), 24), ([41, 49, 0, 23, 28, 52], (212.0,), 111), ([33, 49, 0, 23, 28, 52], (213.0,), 17)]
gen=167 nevals=31 stats={'avg': np.float64(216.78571428571428), 'std': np.float64(19.36926346939756), 'min': np.float64(212.0), 'max': np.float64(300.0)} top3=[([38, 49, 0, 23, 28, 52], (212.0,)), ([38, 49, 0, 23, 28, 52], (212.0,)), ([38, 49, 0, 23, 28, 52], (212.0,))] overall_top3=[([38, 49, 0, 23, 28, 52], (212.0,), 24), ([41, 49, 0, 23, 28, 52], (212.0,), 111), ([33, 49, 0, 23, 28, 52], (213.0,), 17)]
gen=168 nevals=48 stats={'avg': np.float64(219.54285714285714), 'std': np.float64(24.634868270276527), 'min': np.float64(212.0), 'max': np.float64(300.0)} top3=[([38, 49, 0, 23, 28, 52], (212.0,)), ([38, 49, 0, 23, 28, 52], (212.0,)), ([38, 49, 0, 23, 28, 52], (212.0,))] overall_top3=[([38, 49, 0, 23, 28, 52], (212.0,), 24), ([41, 49, 0, 23, 28, 52], (212.0,), 111), ([33, 49, 0, 23, 28, 52], (213.0,), 17)]
gen=169 nevals=51 stats={'avg': np.float64(219.05714285714285), 'std': np.float64(22.192589312835118), 'min': np.float64(212.0), 'max': np.float64(300.0)} top3=[([38, 49, 0, 23, 28, 52], (212.0,)), ([38, 49, 0, 23, 28, 52], (212.0,)), ([38, 49, 0, 23, 28, 52], (212.0,))] overall_top3=[([38, 49, 0, 23, 28, 52], (212.0,), 24), ([41, 49, 0, 23, 28, 52], (212.0,), 111), ([33, 49, 0, 23, 28, 52], (213.0,), 17)]
gen=170 nevals=47 stats={'avg': np.float64(220.72857142857143), 'std': np.float64(24.567063565776397), 'min': np.float64(212.0), 'max': np.float64(300.0)} top3=[([38, 49, 0, 23, 28, 52], (212.0,)), ([38, 49, 0, 23, 28, 52], (212.0,)), ([38, 49, 0, 23, 28, 52], (212.0,))] overall_top3=[([38, 49, 0, 23, 28, 52], (212.0,), 24), ([41, 49, 0, 23, 28, 52], (212.0,), 111), ([33, 49, 0, 23, 28, 52], (213.0,), 17)]
gen=171 nevals=43 stats={'avg': np.float64(219.54285714285714), 'std': np.float64(24.634868270276527), 'min': np.float64(212.0), 'max': np.float64(300.0)} top3=[([38, 49, 0, 23, 28, 52], (212.0,)), ([38, 49, 0, 23, 28, 52], (212.0,)), ([38, 49, 0, 23, 28, 52], (212.0,))] overall_top3=[([38, 49, 0, 23, 28, 52], (212.0,), 24), ([41, 49, 0, 23, 28, 52], (212.0,), 111), ([33, 49, 0, 23, 28, 52], (213.0,), 17)]
gen=172 nevals=48 stats={'avg': np.float64(217.4142857142857), 'std': np.float64(19.58096222438144), 'min': np.float64(212.0), 'max': np.float64(300.0)} top3=[([38, 49, 0, 23, 28, 52], (212.0,)), ([38, 49, 0, 23, 28, 52], (212.0,)), ([38, 49, 0, 23, 28, 52], (212.0,))] overall_top3=[([38, 49, 0, 23, 28, 52], (212.0,), 24), ([41, 49, 0, 23, 28, 52], (212.0,), 111), ([33, 49, 0, 23, 28, 52], (213.0,), 17)]
gen=173 nevals=44 stats={'avg': np.float64(219.75714285714287), 'std': np.float64(24.26015882310849), 'min': np.float64(212.0), 'max': np.float64(300.0)} top3=[([38, 49, 0, 23, 28, 52], (212.0,)), ([38, 49, 0, 23, 28, 52], (212.0,)), ([38, 49, 0, 23, 28, 52], (212.0,))] overall_top3=[([38, 49, 0, 23, 28, 52], (212.0,), 24), ([41, 49, 0, 23, 28, 52], (212.0,), 111), ([33, 49, 0, 23, 28, 52], (213.0,), 17)]
gen=174 nevals=37 stats={'avg': np.float64(220.34285714285716), 'std': np.float64(23.020416847588457), 'min': np.float64(212.0), 'max': np.float64(300.0)} top3=[([38, 49, 0, 23, 28, 52], (212.0,)), ([38, 49, 0, 23, 28, 52], (212.0,)), ([38, 49, 0, 23, 28, 52], (212.0,))] overall_top3=[([38, 49, 0, 23, 28, 52], (212.0,), 24), ([41, 49, 0, 23, 28, 52], (212.0,), 111), ([33, 49, 0, 23, 28, 52], (213.0,), 17)]
gen=175 nevals=42 stats={'avg': np.float64(221.14285714285714), 'std': np.float64(25.738401390188343), 'min': np.float64(212.0), 'max': np.float64(300.0)} top3=[([38, 49, 0, 23, 28, 52], (212.0,)), ([38, 49, 0, 23, 28, 52], (212.0,)), ([38, 49, 0, 23, 28, 52], (212.0,))] overall_top3=[([38, 49, 0, 23, 28, 52], (212.0,), 24), ([41, 49, 0, 23, 28, 52], (212.0,), 111), ([33, 49, 0, 23, 28, 52], (213.0,), 17)]
gen=176 nevals=36 stats={'avg': np.float64(217.02857142857144), 'std': np.float64(20.426153703084697), 'min': np.float64(212.0), 'max': np.float64(300.0)} top3=[([38, 49, 0, 23, 28, 52], (212.0,)), ([38, 49, 0, 23, 28, 52], (212.0,)), ([38, 49, 0, 23, 28, 52], (212.0,))] overall_top3=[([38, 49, 0, 23, 28, 52], (212.0,), 24), ([41, 49, 0, 23, 28, 52], (212.0,), 111), ([33, 49, 0, 23, 28, 52], (213.0,), 17)]
gen=177 nevals=42 stats={'avg': np.float64(222.68571428571428), 'std': np.float64(28.257763968329055), 'min': np.float64(212.0), 'max': np.float64(300.0)} top3=[([38, 49, 0, 23, 28, 52], (212.0,)), ([38, 49, 0, 23, 28, 52], (212.0,)), ([38, 49, 0, 23, 28, 52], (212.0,))] overall_top3=[([38, 49, 0, 23, 28, 52], (212.0,), 24), ([41, 49, 0, 23, 28, 52], (212.0,), 111), ([33, 49, 0, 23, 28, 52], (213.0,), 17)]
gen=178 nevals=42 stats={'avg': np.float64(214.9142857142857), 'std': np.float64(12.662365900734414), 'min': np.float64(212.0), 'max': np.float64(300.0)} top3=[([38, 49, 0, 23, 28, 52], (212.0,)), ([38, 49, 0, 23, 28, 52], (212.0,)), ([38, 49, 0, 23, 28, 52], (212.0,))] overall_top3=[([38, 49, 0, 23, 28, 52], (212.0,), 24), ([41, 49, 0, 23, 28, 52], (212.0,), 111), ([33, 49, 0, 23, 28, 52], (213.0,), 17)]
gen=179 nevals=50 stats={'avg': np.float64(219.64285714285714), 'std': np.float64(24.61476659840344), 'min': np.float64(212.0), 'max': np.float64(300.0)} top3=[([38, 49, 0, 23, 28, 52], (212.0,)), ([38, 49, 0, 23, 28, 52], (212.0,)), ([38, 49, 0, 23, 28, 52], (212.0,))] overall_top3=[([38, 49, 0, 23, 28, 52], (212.0,), 24), ([41, 49, 0, 23, 28, 52], (212.0,), 111), ([33, 49, 0, 23, 28, 52], (213.0,), 17)]
gen=180 nevals=40 stats={'avg': np.float64(222.81428571428572), 'std': np.float64(28.08420647020714), 'min': np.float64(212.0), 'max': np.float64(300.0)} top3=[([38, 49, 0, 23, 28, 52], (212.0,)), ([38, 49, 0, 23, 28, 52], (212.0,)), ([38, 49, 0, 23, 28, 52], (212.0,))] overall_top3=[([38, 49, 0, 23, 28, 52], (212.0,), 24), ([41, 49, 0, 23, 28, 52], (212.0,), 111), ([33, 49, 0, 23, 28, 52], (213.0,), 17)]
gen=181 nevals=49 stats={'avg': np.float64(217.28571428571428), 'std': np.float64(20.47447390368439), 'min': np.float64(212.0), 'max': np.float64(300.0)} top3=[([38, 49, 0, 23, 28, 52], (212.0,)), ([38, 49, 0, 23, 28, 52], (212.0,)), ([38, 49, 0, 23, 28, 52], (212.0,))] overall_top3=[([38, 49, 0, 23, 28, 52], (212.0,), 24), ([41, 49, 0, 23, 28, 52], (212.0,), 111), ([33, 49, 0, 23, 28, 52], (213.0,), 17)]
gen=182 nevals=38 stats={'avg': np.float64(219.61428571428573), 'std': np.float64(24.06140528917203), 'min': np.float64(212.0), 'max': np.float64(300.0)} top3=[([38, 49, 0, 23, 28, 52], (212.0,)), ([38, 49, 0, 23, 28, 52], (212.0,)), ([38, 49, 0, 23, 28, 52], (212.0,))] overall_top3=[([38, 49, 0, 23, 28, 52], (212.0,), 24), ([41, 49, 0, 23, 28, 52], (212.0,), 111), ([33, 49, 0, 23, 28, 52], (213.0,), 17)]
gen=183 nevals=51 stats={'avg': np.float64(218.82857142857142), 'std': np.float64(22.784688736437158), 'min': np.float64(212.0), 'max': np.float64(300.0)} top3=[([38, 49, 0, 23, 28, 52], (212.0,)), ([38, 49, 0, 23, 28, 52], (212.0,)), ([38, 49, 0, 23, 28, 52], (212.0,))] overall_top3=[([38, 49, 0, 23, 28, 52], (212.0,), 24), ([41, 49, 0, 23, 28, 52], (212.0,), 111), ([33, 49, 0, 23, 28, 52], (213.0,), 17)]
gen=184 nevals=48 stats={'avg': np.float64(219.54285714285714), 'std': np.float64(24.634868270276527), 'min': np.float64(212.0), 'max': np.float64(300.0)} top3=[([38, 49, 0, 23, 28, 52], (212.0,)), ([38, 49, 0, 23, 28, 52], (212.0,)), ([38, 49, 0, 23, 28, 52], (212.0,))] overall_top3=[([38, 49, 0, 23, 28, 52], (212.0,), 24), ([41, 49, 0, 23, 28, 52], (212.0,), 111), ([33, 49, 0, 23, 28, 52], (213.0,), 17)]
gen=185 nevals=45 stats={'avg': np.float64(219.4), 'std': np.float64(22.85757142455365), 'min': np.float64(212.0), 'max': np.float64(300.0)} top3=[([38, 49, 0, 23, 28, 52], (212.0,)), ([38, 49, 0, 23, 28, 52], (212.0,)), ([38, 49, 0, 23, 28, 52], (212.0,))] overall_top3=[([38, 49, 0, 23, 28, 52], (212.0,), 24), ([41, 49, 0, 23, 28, 52], (212.0,), 111), ([33, 49, 0, 23, 28, 52], (213.0,), 17)]
gen=186 nevals=48 stats={'avg': np.float64(222.05714285714285), 'std': np.float64(27.99790079594525), 'min': np.float64(212.0), 'max': np.float64(300.0)} top3=[([38, 49, 0, 23, 28, 52], (212.0,)), ([38, 49, 0, 23, 28, 52], (212.0,)), ([38, 49, 0, 23, 28, 52], (212.0,))] overall_top3=[([38, 49, 0, 23, 28, 52], (212.0,), 24), ([41, 49, 0, 23, 28, 52], (212.0,), 111), ([33, 49, 0, 23, 28, 52], (213.0,), 17)]
gen=187 nevals=49 stats={'avg': np.float64(223.07142857142858), 'std': np.float64(28.10811851637552), 'min': np.float64(212.0), 'max': np.float64(300.0)} top3=[([38, 49, 0, 23, 28, 52], (212.0,)), ([38, 49, 0, 23, 28, 52], (212.0,)), ([38, 49, 0, 23, 28, 52], (212.0,))] overall_top3=[([38, 49, 0, 23, 28, 52], (212.0,), 24), ([41, 49, 0, 23, 28, 52], (212.0,), 111), ([33, 49, 0, 23, 28, 52], (213.0,), 17)]
gen=188 nevals=53 stats={'avg': np.float64(223.05714285714285), 'std': np.float64(28.068734876210947), 'min': np.float64(212.0), 'max': np.float64(300.0)} top3=[([38, 49, 0, 23, 28, 52], (212.0,)), ([38, 49, 0, 23, 28, 52], (212.0,)), ([38, 49, 0, 23, 28, 52], (212.0,))] overall_top3=[([38, 49, 0, 23, 28, 52], (212.0,), 24), ([41, 49, 0, 23, 28, 52], (212.0,), 111), ([33, 49, 0, 23, 28, 52], (213.0,), 17)]
gen=189 nevals=46 stats={'avg': np.float64(218.28571428571428), 'std': np.float64(22.663465160059367), 'min': np.float64(212.0), 'max': np.float64(300.0)} top3=[([38, 49, 0, 23, 28, 52], (212.0,)), ([38, 49, 0, 23, 28, 52], (212.0,)), ([38, 49, 0, 23, 28, 52], (212.0,))] overall_top3=[([38, 49, 0, 23, 28, 52], (212.0,), 24), ([41, 49, 0, 23, 28, 52], (212.0,), 111), ([33, 49, 0, 23, 28, 52], (213.0,), 17)]
gen=190 nevals=48 stats={'avg': np.float64(221.5), 'std': np.float64(26.141237264412062), 'min': np.float64(212.0), 'max': np.float64(300.0)} top3=[([38, 49, 0, 23, 28, 52], (212.0,)), ([38, 49, 0, 23, 28, 52], (212.0,)), ([38, 49, 0, 23, 28, 52], (212.0,))] overall_top3=[([38, 49, 0, 23, 28, 52], (212.0,), 24), ([41, 49, 0, 23, 28, 52], (212.0,), 111), ([33, 49, 0, 23, 28, 52], (213.0,), 17)]
gen=191 nevals=44 stats={'avg': np.float64(222.02857142857144), 'std': np.float64(26.725574391032502), 'min': np.float64(212.0), 'max': np.float64(300.0)} top3=[([38, 49, 0, 23, 28, 52], (212.0,)), ([38, 49, 0, 23, 28, 52], (212.0,)), ([38, 49, 0, 23, 28, 52], (212.0,))] overall_top3=[([38, 49, 0, 23, 28, 52], (212.0,), 24), ([41, 49, 0, 23, 28, 52], (212.0,), 111), ([33, 49, 0, 23, 28, 52], (213.0,), 17)]
gen=192 nevals=50 stats={'avg': np.float64(217.05714285714285), 'std': np.float64(20.420497905141236), 'min': np.float64(212.0), 'max': np.float64(300.0)} top3=[([38, 49, 0, 23, 28, 52], (212.0,)), ([38, 49, 0, 23, 28, 52], (212.0,)), ([38, 49, 0, 23, 28, 52], (212.0,))] overall_top3=[([38, 49, 0, 23, 28, 52], (212.0,), 24), ([41, 49, 0, 23, 28, 52], (212.0,), 111), ([33, 49, 0, 23, 28, 52], (213.0,), 17)]
gen=193 nevals=41 stats={'avg': np.float64(218.5), 'std': np.float64(22.207945810967235), 'min': np.float64(212.0), 'max': np.float64(300.0)} top3=[([38, 49, 0, 23, 28, 52], (212.0,)), ([38, 49, 0, 23, 28, 52], (212.0,)), ([38, 49, 0, 23, 28, 52], (212.0,))] overall_top3=[([38, 49, 0, 23, 28, 52], (212.0,), 24), ([41, 49, 0, 23, 28, 52], (212.0,), 111), ([33, 49, 0, 23, 28, 52], (213.0,), 17)]
gen=194 nevals=48 stats={'avg': np.float64(218.82857142857142), 'std': np.float64(22.367688065326618), 'min': np.float64(212.0), 'max': np.float64(300.0)} top3=[([38, 49, 0, 23, 28, 52], (212.0,)), ([38, 49, 0, 23, 28, 52], (212.0,)), ([38, 49, 0, 23, 28, 52], (212.0,))] overall_top3=[([38, 49, 0, 23, 28, 52], (212.0,), 24), ([41, 49, 0, 23, 28, 52], (212.0,), 111), ([33, 49, 0, 23, 28, 52], (213.0,), 17)]
gen=195 nevals=47 stats={'avg': np.float64(216.38571428571427), 'std': np.float64(18.38111830667769), 'min': np.float64(212.0), 'max': np.float64(300.0)} top3=[([38, 49, 0, 23, 28, 52], (212.0,)), ([38, 49, 0, 23, 28, 52], (212.0,)), ([38, 49, 0, 23, 28, 52], (212.0,))] overall_top3=[([38, 49, 0, 23, 28, 52], (212.0,), 24), ([41, 49, 0, 23, 28, 52], (212.0,), 111), ([33, 49, 0, 23, 28, 52], (213.0,), 17)]
gen=196 nevals=44 stats={'avg': np.float64(221.4), 'std': np.float64(26.669083223838047), 'min': np.float64(212.0), 'max': np.float64(300.0)} top3=[([38, 49, 0, 23, 28, 52], (212.0,)), ([38, 49, 0, 23, 28, 52], (212.0,)), ([38, 49, 0, 23, 28, 52], (212.0,))] overall_top3=[([38, 49, 0, 23, 28, 52], (212.0,), 24), ([41, 49, 0, 23, 28, 52], (212.0,), 111), ([33, 49, 0, 23, 28, 52], (213.0,), 17)]
gen=197 nevals=42 stats={'avg': np.float64(215.6), 'std': np.float64(15.409088227406574), 'min': np.float64(212.0), 'max': np.float64(300.0)} top3=[([38, 49, 0, 23, 28, 52], (212.0,)), ([38, 49, 0, 23, 28, 52], (212.0,)), ([38, 49, 0, 23, 28, 52], (212.0,))] overall_top3=[([38, 49, 0, 23, 28, 52], (212.0,), 24), ([41, 49, 0, 23, 28, 52], (212.0,), 111), ([33, 49, 0, 23, 28, 52], (213.0,), 17)]
gen=198 nevals=41 stats={'avg': np.float64(221.71428571428572), 'std': np.float64(26.79879680515678), 'min': np.float64(212.0), 'max': np.float64(300.0)} top3=[([38, 49, 0, 23, 28, 52], (212.0,)), ([38, 49, 0, 23, 28, 52], (212.0,)), ([38, 49, 0, 23, 28, 52], (212.0,))] overall_top3=[([38, 49, 0, 23, 28, 52], (212.0,), 24), ([41, 49, 0, 23, 28, 52], (212.0,), 111), ([33, 49, 0, 23, 28, 52], (213.0,), 17)]
gen=199 nevals=42 stats={'avg': np.float64(221.07142857142858), 'std': np.float64(24.207036420117557), 'min': np.float64(212.0), 'max': np.float64(300.0)} top3=[([38, 49, 0, 23, 28, 52], (212.0,)), ([38, 49, 0, 23, 28, 52], (212.0,)), ([38, 49, 0, 23, 28, 52], (212.0,))] overall_top3=[([38, 49, 0, 23, 28, 52], (212.0,), 24), ([41, 49, 0, 23, 28, 52], (212.0,), 111), ([33, 49, 0, 23, 28, 52], (213.0,), 17)]
gen=200 nevals=42 stats={'avg': np.float64(218.7), 'std': np.float64(22.02942836947237), 'min': np.float64(212.0), 'max': np.float64(300.0)} top3=[([38, 49, 0, 23, 28, 52], (212.0,)), ([38, 49, 0, 23, 28, 52], (212.0,)), ([38, 49, 0, 23, 28, 52], (212.0,))] overall_top3=[([38, 49, 0, 23, 28, 52], (212.0,), 24), ([41, 49, 0, 23, 28, 52], (212.0,), 111), ([33, 49, 0, 23, 28, 52], (213.0,), 17)]
